2,38.7364443,-9.1407651
2,38.7356124,-9.1396516
2,38.7368552,-9.1396499
2,38.7366859,-9.1401288
2,38.7426,-9.1281915
2,38.7626552,-9.1134559
2,38.762581,-9.113471
2,38.7659005,-9.112833
2,38.762581,-9.113471
3,38.7656758,-9.1126898
3,38.736365,-9.1408112
3,38.7363513,-9.1408527
3,38.7365465,-9.1395829
3,38.7353711,-9.1440606
3,38.7351449,-9.1439804
3,38.7684558,-9.1121203
3,38.7658764,-9.1127103
4,38.7678776,-9.0995182
4,38.7356687,-9.1417988
4,38.7363622,-9.1408439
4,38.7363154,-9.1372464
4,38.7362907,-9.1407582
4,38.7363901,-9.140801
4,38.7398998,-9.1232738
4,38.7623558,-9.113963
4,38.7658914,-9.1127899
0,38.7608908,-9.1118057
0,38.7366267,-9.1402762
0,38.7364037,-9.1407731
0,38.7398699,-9.123292
0,38.7659076,-9.1126593
0,38.7625811,-9.1134718
0,38.7625857,-9.1134708
0,38.7626052,-9.1134665
0,38.7658339,-9.1128388
1,38.7422059,-9.1204622
1,38.736473,-9.1406918
1,38.7363762,-9.1407695
1,38.7657867,-9.1129263
2,38.7549619,-9.1139108
2,38.7361317,-9.1401529
2,38.7351417,-9.1420245
2,38.7361765,-9.1370763
2,38.7363639,-9.1408066
2,38.7418702,-9.1380846
2,38.740226,-9.1368489
2,38.7658568,-9.1126615
3,38.7624878,-9.1136794
3,38.7608883,-9.1118011
3,38.7398063,-9.1234687
3,38.7364296,-9.1406256
3,38.7351844,-9.1411544
3,38.7616921,-9.1120838
3,38.7659904,-9.1125938
4,38.7363883,-9.1408
4,38.7356942,-9.1452293
4,38.7362717,-9.1407572
4,38.7549619,-9.1139108
4,38.7678114,-9.0975524
4,38.7658471,-9.1128082
0,38.7679068,-9.0996472
0,38.7353185,-9.1403146
0,38.7363836,-9.1407784
0,38.7379395,-9.140892
0,38.734904,-9.1422227
0,38.7616564,-9.1121133
0,38.7660067,-9.1126875
1,38.7608804,-9.1118015
1,38.7363306,-9.140767
1,38.7355881,-9.1396499
1,38.7359384,-9.1547665
1,38.7692615,-9.1127614
2,38.7658618,-9.1128877
2,38.7363876,-9.1407891
2,38.7625812,-9.1134723
2,38.7660038,-9.1127985
2,38.7625812,-9.1134723
3,38.766088,-9.1123904
3,38.7679327,-9.0996073
3,38.7363663,-9.1407556
3,38.7363939,-9.1372263
3,38.7372686,-9.1392834
3,38.7354647,-9.1448379
3,38.7658749,-9.1127274
3,38.7624617,-9.1136825
3,38.7658403,-9.1128197
4,38.760911,-9.1118172
4,38.7415992,-9.1208645
4,38.7363825,-9.1407972
4,38.7658061,-9.1127465
4,38.7622759,-9.1168435
4,38.7624731,-9.1144382
4,38.7658322,-9.1128275
0,38.7362714,-9.1408731
0,38.7469544,-9.1322018
0,38.7657466,-9.1189435
0,38.7660319,-9.1126632
0,38.7658295,-9.1128071
1,38.7364143,-9.1408229
1,38.7248245,-9.1502502
1,38.7658474,-9.1128617
1,38.7626297,-9.1139652
1,38.7658232,-9.1128136
2,38.7363615,-9.1407892
2,38.7663725,-9.1099689
2,38.7627388,-9.1134327
3,38.7661278,-9.1125757
3,38.7659095,-9.112587
3,38.7160305,-9.1406964
3,38.7362102,-9.1407274
3,38.7455802,-9.1293074
3,38.7661133,-9.1129278
3,38.7691826,-9.1128504
3,38.7658812,-9.1127342
4,38.762737,-9.1134331
4,38.7658883,-9.1126878
4,38.7288736,-9.2160435
4,38.7288203,-9.2162351
4,38.7294362,-9.2165238
4,38.7660672,-9.1126674
0,38.7742183,-9.0964992
0,38.7658906,-9.11279
0,38.7675503,-9.0964025
0,38.7675518,-9.0972194
0,38.7674267,-9.0983337
0,38.7658344,-9.1129811
0,38.7625807,-9.1134696
0,38.7656227,-9.1127575
0,38.7140257,-9.1368389
0,38.7118096,-9.1385004
0,38.7154386,-9.1370107
0,38.7216409,-9.135362
0,38.7622264,-9.1141222
0,38.7658925,-9.1127582
0,38.7688017,-9.1132109
0,38.7659443,-9.1122908
1,38.7659341,-9.1126731
1,38.7744895,-9.0967784
1,38.7677675,-9.0970608
1,38.7744803,-9.0961214
1,38.7657589,-9.1127635
1,38.7363659,-9.1407691
1,38.7484618,-9.1292572
1,38.7656949,-9.1127969
1,38.7478283,-9.1427424
1,38.7474538,-9.1427748
2,38.7660644,-9.1126681
2,38.7370267,-9.1399433
2,38.7363724,-9.1408316
2,38.7364756,-9.1406804
2,38.7632075,-9.1087129
2,38.7625807,-9.1134696
2,38.7659786,-9.1127946
3,38.7608789,-9.1117963
3,38.7494564,-9.1167145
3,38.7364286,-9.139886
3,38.7634799,-9.113342
3,38.7639896,-9.1134102
4,38.765909,-9.1123891
4,38.7609113,-9.1118027
4,38.7353008,-9.1412319
4,38.7363487,-9.1407511
4,38.737619,-9.1405213
4,38.7364087,-9.1407422
4,38.7659857,-9.1126748
4,38.7620623,-9.1140958
4,38.7412002,-9.1212262
4,38.7174589,-9.1347035
4,38.7659866,-9.112626
0,38.7364874,-9.140713
0,38.7376919,-9.140388
0,38.7473751,-9.1284262
0,38.7680291,-9.1065741
1,38.7661593,-9.1126534
1,38.7679784,-9.0996634
1,38.7358761,-9.1420161
1,38.7375428,-9.1399446
1,38.7355791,-9.1396738
1,38.7379594,-9.1403915
1,38.7363535,-9.1407705
1,38.7406779,-9.1467792
1,38.7659896,-9.1120486
1,38.765865,-9.1128028
2,38.7679784,-9.0996634
2,38.7530022,-9.1192215
2,38.736544,-9.1404081
2,38.7352306,-9.1423521
2,38.7363834,-9.1407784
2,38.7365632,-9.1396219
2,38.7364175,-9.1407369
2,38.7465888,-9.1274467
2,38.7679784,-9.0996634
2,38.7650811,-9.1143967
0,38.7415947,-9.1209648
0,38.736495,-9.1407582
0,38.7363396,-9.1407292
0,38.7355432,-9.1397016
0,38.7363358,-9.1407262
0,38.7364253,-9.1407556
0,38.7270168,-9.1467685
0,38.7683914,-9.1142124
0,38.7659102,-9.1127529
0,38.7659181,-9.1127082
1,38.7236803,-9.1511094
1,38.73636,-9.1407387
1,38.7658874,-9.1127314
1,38.7658273,-9.1127812
2,38.7363865,-9.1407613
2,38.7355375,-9.1396886
2,38.774397,-9.0915543
3,38.7660654,-9.1127032
3,38.7621053,-9.0936452
3,38.7354513,-9.1423166
3,38.736389,-9.1407772
3,38.7363622,-9.1407384
3,38.736391,-9.1407611
3,38.7353612,-9.1427394
3,38.766734,-9.0959365
3,38.7657998,-9.1127521
3,38.7664399,-9.1100595
3,38.767173,-9.0989768
3,38.7657819,-9.1127825
4,38.7459931,-9.1024304
4,38.7368157,-9.1402536
4,38.7365547,-9.1396019
4,38.7369953,-9.1401358
4,38.7712037,-9.1133313
4,38.7633273,-9.1132008
4,38.768799,-9.1157587
4,38.7660622,-9.1127233
0,38.7608792,-9.1117915
0,38.7352497,-9.1426807
0,38.736393,-9.1407541
0,38.7367064,-9.1404297
0,38.7659773,-9.1126326
1,38.7364159,-9.140777
1,38.7369337,-9.1399723
1,38.7363844,-9.1407767
1,38.7363523,-9.140764
1,38.76587,-9.1127323
