11,16680,16681,16694
327,17308,20268,23118,23351,23352,23353,23629,23630
331,16751,16752,16753
332,16756,16767,16768,16769,16770,16771,16772,16773
334,16762,16774,17150,18164,18344,18334,18556,18551,18555,18809,18962,18968,19001,19317,19667,19700,19701,20865,20873,20874,21055,21160,21300,21604,21611,21617,21619,21620,21776,21778,21779,21785,21803,22145,22260,22263,22313,22317,22417,22485,22960,23003,23005,23007,23124,23298,23357,23461,23595,23691,23696,23766,23801,23981,23982,23983,24273,24319,24348,24374,24503,24505,24507,24508,24510,24511,24661,25143,25145,25146,25264,25335,25355,25652,25660,25661,25773,25828,25830,26207,26210,26211,26212,26214,26215,26216,26735,26738,26739,26741,26742,26991,27221,27696,28036,28066,28068,28073,28075,28076,28078,28590,28593,28594,28595,28596,28597,28598,28599,28600,28601,28602,28781,28784,28785,28790,29361,29364,29370,29606,29644,29682,30005,30014,30015,30016,30018,30019,30020,30026,30352,30354,30384,30391,30747,30748,30749,30750,30751,30752,30753,30778,30808,30971,30972,31035,31052,31069,31070,31071,31072,31073,31074,31099,31377,31379,31380,31381,31682,31683,31738,31800,32348,32363,32575,32576,32577,32578,32579,32580,32581,32582,32584,32595,32661,32796,32797,32798
335,17232,17521,17573,17717,18445,18464,18453,18447,18452,18531,18527,19965,19966,19967,19968,19970,19971,19972,19973,20615,21004,21815,21816,21817,21818,21819,21820,21821,21822,21824,21825,21826,21827,21828,21831
336,17086,17448,17516,17547,17669,18084,18113,18570,18580,18573,18889,19275,19432,19437,19503,19509,19593,19754,20116,20345,20392,20418,20501,20597,21073,21094,21505,21933,21970,22003,22210,22274,22978,23077,23377,24093,24290,24366,25136,26260,26278,26982,27060,27095,27268,27644,28015,28105,28340,28627,28700,28732,28736,29246,29296,29323,29344,29359,29363,29481,29793,29977,30459,30516,30549,30769,30812,30988,31409,31597,31690,31699,31705,31790,31792,32184,32217,32666,32861,32909,32933,33085,33202,33259,33342,33463,33471,33496,33504,33506,33509,33513,33596,33618,33624,33647,33907,33909,34079,34153,34245,34541,34741,34746,34840
337,17071,17072,17069,17191,17703,17700,17702,20122,20125,20126,20128,20131,20132,20133,20134,20139,20141,20144,20684,20686,23376,23381,23383,23385,23389,23391,23392,23393,23394,23397,23398,23399,23400,24906,24908,24909,24910,24911,24912,24914,24917,24920,24926,25350,25352,25354,25918,25920,25921,25923,25924,25925,26825,26827,26828,26835,27683,27684,27686,27687,27688,27689,28831,28833,28834,28836,28840,28841,28843,28844,28845,28848,28849,28852,31941,32311,32312,32314,32315,32316,32317,32319,32320,32321,32322,32323,32327,33101,33102,33103,33104,33105,33109,33111,33168,33450,33453,33454,33455,33456,33841,33842,33845,33846,33848,33851,33852,33853,33860,33862,34272,34273,34274,34276
338,16968,16977,17691
339,16898,16837,16973,17279,17900,18090,18105,18118,18137,18211,18336,18463,18500,19010,19005,19052,19323,19390,19445,19595,19624,19789,19798,19918,19941,19959,20011,20032,20064,20278,20405,20424,20463,20477,20523,20732,20855,21266,21453,21462,21532,21567,21646,21991,22000,22074,22272,22309,22322,22469,22502,22667,22801,22824,22847,22891,23191,23272,23310,23341,23546,23627,23635,23667,23765,23987,24089,24159,24170,24179,24376,24399,24494,24969,25006,25051,25216,25230,25307,25410,25463,25478,25514,25563,25579,25648,25650,25857,26302,26373,26462,26482,26822,26944,26987,27005,27077,27474,27527,27540,27572,27676,27698,28070,28416,28456,28603,28621,28671,29074,29090,29169,29225,29237,29243,29262,29331,29435,29475,29490,29577,29580,29582,29621,29629,29638,29751,29816,29827,29902,30173,30192,30230,30236,30265,30284,30647,30713,31027,31037,31139,31149,31154,31164,31219,31221,31236,31336,31345,31455,31456,31562,31824,31897,31906,31961,31969,32000,32021,32025,32153,32166,32191,32275,32304,32370,32371,32375,32583,32650,32705,32755,32859,32862,32906,33199,33276,33295,33392,33539,33585,33644,33804
340,17092,18206,20430,20452,20474,20505,21582,21693,23832,23833,23835,24013,27980,27981,27982,27983,28109,28111,28515,28534
341,17085,17172,17175,17446,17744,17811,17944,17942,18489,18581,18813,18822,18851,18850,19026,19028,19027,19031,19472,19473,19871,19876,19910,19940,20020,20039,20159,20214,20215,20247,20516,20525,20538,20539,20540,20671,20833,21022,21038,21063,21237,21241,21244,21246,21247,21271,21459,21507,21553,21563,21570,21668,22147,22148,22149,22150,22152,22269,22350,22363,22365,22366,22416,22740,22749,22750,22792,22839,23020,23033,23034,23036,23168,23242,23300,23361,23406,23465,23597,23637,23642,23668,23827,23828,23829,23830,24237,24285,24345,24352,24355,24533,24612,24663,24792,24934,24936,24953,24973,25421,25499,25501,25502,25585,25586,25895,25896,25897,25911,26071,26072,26073,26074,26091,26198,26199,26291,26347,26476,26477,26611,26612,26752,26754,26872,26873,26927,27025,27049,27053,27107,27143,27218,27452,27610,27630,27778,27779,27780,27781,27800,27959,27960,27961,28027,28059,28324,28326,28384,28544,28572,28632,28825,28827,28985
342,17035,17325,17504,17696,17730,18038,18085,18288,19370,19776,20015,20413,20565,20762,20969,21182,21198,21447,22654,22893,23770,23773,24010,24161,24691,24700,24701,26765,26768,26771,26773,26775,26778,27088,27090,28443,28450,29616,29619,29780,29921,30207,30509,31180,31458,31886
345,17021,17068,17168,18024,18104,18393,19849,20067,20070,20176,23079,27355,27519
346,17511
347,16964,17455,17454,17453,17456,17452,17482,17517,17646,17659,17680,17890,18083,18459,18460,29447,29488,29657,29658,29659,29661,30224,30247,30252,30283,30285,30322,30330,30418
388,18272,18278,18273,20057,20292,27501,29612,29613,29614,30616,30867,30879,30881,30886,30894,30898,30911,30914,32612,32613,32614
353,16970,17008,17006,17054,18676,18680,18675,18665,18668,18678,18670,18682,18669,18672,18671,18679,18673,18681,18674,18677,18725,19637,19639,19640,19641,19642,19643,19644,19645,19646,19647,19655,19657,19658,20087,20095,20096,20605,20606,20607,20608,20609,20610,20995,20997,20998,20999,21000,21511,21512,21513,21514,21515,22068,22077,22966,23302,23306,23307,23308,23309,23408,23409,23410,23411,23455,24187,24191,24192,24193,24194,24196,24197,24199,24200,24209,24210,24275,24280,24565,24566,24567,24568,24569,25135,25137,25138,25328,25329,25330,25331,25332,25333,25706,26080,26081,26082,26083,26085,26086,26087,26088,26089,26090,26226,26349,26360,26361,26362,26437,26504,26505,26506,26565,26566,26567,26587,26594,26675,26917,26919,26920,26921,26922,26972,26976,26977,27003,27076,27081,27082,27083,27084,27139,27162,27339,27340,27341,27342,27343,27521,27522,27523,27524,27661,27667,28673,28674,28675,28676,28677,28678,28679,28680,28681,28682,28683,28685,28686,28687,29068,29077,29128,29129,29130,29253,29293,29625,29630,29631,29632,29633,29634,29635,29643,30859,30860,30861,30862,30863,30864,30865,30866,31444,31445,31447,31448,31449,31450,31451,31452,31665,31666,31667,31668,31670,31671,31674,31676,31677,31678,31793,32255,32256,32257,32258,32259,32268,32269,32270,32271,32333,32335,32336,32717,32718,32719,32720,32722,32723,32724,33014,33015,33016,33018,33019,33052,33107,33112,33594,33595,33597,33598,33599,33600,33601,33603,33604
361,17065,17039,17100,17428,17467,17494,17502,17657,17723,17737,18571,18575,18740,18719,18773,18765,18767,18761,18799,18793,18807,18820,18886,18890,18912,18931,18933,18997,19032,19992,20002,20046,20054,20099,20109,20152,20157,20614,21293,21458,21531,21686,21695,21703,21707,21775,21807,21812,21871,21907,21909,21920,21921,21922,22409,22423,22779,22870,22877,22894,22896,22948,22990,23021,23206
354,17089,17203,17685,17683,17678,17684,17753,18327,18325,18326,18323,18321,18322,18306,18324,18330,18331,18332
362,20444,20745,20818,20928,20931,20932,21020,21024,21025,21104,21135,21202,21441,21463,21593,21648,21709,21733,21923,21978,21989,21993,22002,22105,22108,22216,22433,22436,22484,22487,22748,23558,23573,23574,23576,23744,24069,24071,24072,24157,24195,24204,24353,24354,24526,24598,24893,24895,24896,26243,26245,26251,26254,26470,27020,27050,27057,27071,27097,27176,27217,27284,27289,27315,27327,27502,27503,27898,27917,28559,28734,28737,28748,28863,28866,28867,28869,28928,29091,29270,29272,29328,29336,29337,29339,29378,29600,29720,29723,29809,29822,29829,30327,30329,30392,30401,30402,30544,30545,30546,30547,30614,30775,30811,30858,30868,30869,30870,31028,31029,31208,31210,31213,31500,31511,31512,31561,31564,31600,31602,31647,31691,31751,31885,31892,31900,31934,31986,31987,32354,32355,32356,32357,32358,32359,32360,32361,32437,32438,32657,32658,32799,32956,33023,33072,33184,33316,33320,33321,33322,33360,33362,33422,33443,33444,33475,33515,33544,33578,33626,33784,33809,33955,33989,33993,34133,34135,34171,34173,34300,34303,34389,34390,34523,34528,34592,34693,34734,34842
389,17649,17648,23845,23846,23847,23848,23849,23851,23852,23853,27250,27251
365,18062,18061,18893,18892,18894
372,17355,17358,17357,18795,17762,17765,17766,17948,18036,18114,18473,18782,18961,19080,19077,19389,19632,19933,20154,20553,20698,20984,21510,21535,21986,21987,22113,22680,22812,23187,23192,23545,23671,23776,23907,24211,24360,24641,24650,24870,25054,25268,25271,25707,25999,26464,26662,26664,26665,26666,26668,26672,26674,26757,26760,27356,28145,28146,28110,28143,28144,28148,28149,28865,28935,28940,29555,29557,29742,29744,29823,30536,30538,30539,30540,30586,30810,30814,30822,30824,30829,31251,31266,31268,31621,31837,31841,31866,32198,32279,32414,32420,32434,32444,32569,32725,32726,32727,32848,32870,32935,32936,33042,33071,33113,33118,33223,33440,33677,33678,33835,33966,34046,34421,34422,34424,34425,34426,34427,34428,34429
379,17401,17402,17625,17709,17710,19321,19314,19590,19905,20049,20383,20391,20393,20395,20544,20612,20658,20797,20798,20856,20978,20981,20982,21194,21195,21282,21483,21488,21642,21643,21645,22262,22265,22266,22339,22465,22476,22771,22772,22815,22851,22883,22884,22971,22975,23212,23270,23276,23282,23418,23748,23888,23890,23891,23892,24000,24198,24203,24205,24652,24666,24929,24933,25050,25052,25225,25227,25439,25712,25723,25724,26242,26454,27106,27112,27199,27219,27288,27332,27334,27335,27360,27573,27635,27737,27946,27947,28087,28413,28414,28578,28584,28974,29133,29228,29340,29352,29474,29641,29651,29653,29656,29746,29747,29789,29818,29945,30574,30731,31168,31337,31338,31376,31733,31734,31847,31863,31890,32003,32040,32042,32175,32202,32248,33220,33246,33308,33445,33758,33759,33763,33764,33765,33766,33767,34213,34214,34215,34216,34218,34317,34413,34414,34415,34673
358,16969,17576,17740,17742,18563,18938,19484,19662,24477
370,17043,17055,17527,17734,17733
394,17122,17121,17125,17123,17124,17280,17542,17681,18310,18307,18312,18308,18314,18530,18534,19327,19531,19533,19534,19735,19736,20005,20006,20007,20964,20965,20966,20967,21147,22052,22057,22060,22063,22064,22067,22069,22071,22072,22073,22075,22277,22789,22790,22793,22794,22798,22904,22905,23360,24045,24046,24047,24048,24049,24050,24051,24104,24669,24670,24671,24672,24903,24958,24974,24977,25015,25081,25085,25252,25254,25255,25306,25569,25620,26904,26905,26906,26907,26908,26995,26998,27261,27363,27516,28000,28069,28657,28658,28659,28660,28661,28662,28663,28664,28764,28766,28770,29095,29096,29097,30255,30259,30261,30262,30512,30580,30582,30585,30661,30662,30663,30837,30838,30839,31053,31054,31632,31633,31959,32178,32274,32608,32615,32616,32617,32618,32624,32628,32633,32634,33096,33225,33226,33227,33228,33229,33230,33385,33540,34019,34020,34021,34022,34023,34025,34027,34028,34029,34030,34092,34093
356,16936,16922,17664,17722,17946,18121,18116,18141,18625,18627,18628,18664,19157,19153,19150,19154,19158,19156,19226,19227,19279,19280,19274,19285,19361,19401,19405,19408,19423,19466,19625,19772,19774,19920,19949,20242,20243,20244,20245,20246,20347,20354,20356,20357,20718,20720,20722,20727,20780,20841,20869,20910,21111,21414,21416,21417,21491,21492,22173,22174,22175,22177,22236,22238,22240,22242,22244,22246,22248,22305,22376,22463,22466,22467,22468,22725,22728,22730,22813,22887,23019,23165,23167,23169,23170,23216,23225,23233,23240,23258,23695,23699,23700,23701,23707,23722,23732,23934,23935,23936,23989,24065,24122,24123,24405,24406,24407,24408,24409,24437,24439,24440,24441,24941,24943,24944,24946,24947,24952,24956,24965,24970,25217,25218,25219,25220,25221,25245,25258,25445,25531,25534,25662,26004,26008,26011,26064,26114,26115,26240,26246,26289,26314,26330,26332,26333,26334,26335,26406,26450,26653,26655,26657,26659,26720,26801,26803,26805,26806,27021,27022,27160,27163,27164,27165,27264,27475,27476,27478,27633,27638,27735,27788,27789,27897,27933,27934,27986,28429,28431,28432,28434,28489,28765,28771,28773,28774,28775,28776,28777,28795,28816,28854,28934,29041,29082,29131,29143,29147,29161,29202,29248,29324,29382,29384,29385,29403,29804,29810,30235,30242,30243,30270,30271,30272,30274,30275,30276,30278,30287,30404,30405,30406,30422,30743,30836,31332,31501,31522,31523,31524,31526,31527,31529,31533,31534,31536,31538,31539,31541,31542,31543,31544,31545,31546,31547,31550,31552,31648,31861,31895,31955,32068,32138,32400,32669,32699,32701,32761,32762,32763,32790,32792,32925,33031,33062,33082,33133,33135,33245,33323,33441,33470,33482,33587,33593,33768,33782,33786,33790,34031,34035,34036,34037,34039,34040,34073,34086,34162,34279,34288,34322,34350,34361,34482,34483,34484,34524,34540,34584,34629,34692,34699,34732,34831,34832,34833
367,17797,17792,18541,21261,23010,23014,23015,24898
371,17058,17059,17060,17520,18363,18342,18338,18396,19434,19477,19482,19483,19886,19891,20063,20110,20111,20112,20158,20380,20896,20903,21683,21848,21849,21851,27318,28063,28435,28436,28442,28453,29743,32204,32590,32591,32670,32680,32683,32728,32729,32730,32731,32732,32733,33619,34399,34432
381,17134,17135,17129,17353,18267,18286,18285,19656,19660,19661,19694,19835,19850,19857,20342,20343,20746,20750,20751,20954,22418,22421,22422,22424,22464,22910,22944,24928,24996,24998,24999,25000,25001,25002,25003,25004,25005,25007,25008,25009,25010,25011,25012,25013,25014,25068,25099,25154,25253,25261,27287,27293,27294,27295,27296,27297,27298,27299,27300,27301,27302,27303,27304,27305,27306,27307,27308,27309,27310,27311,27312,27313,27314,27366,28583,29264
386,17248,17245,17247,17249,18075,18074,18076,18072,18078,18070,18073,18080,18069,18071,18079,18333,18913,18923,18927,18921,18920,18928,18926,18922,18924,18930,18919,19538,20018,21874,21875,21876,21877,21878,21879,21880,21881,21882,21883,21884,21885,21886,21887,21888,21889,25866,25867,25868,25869,25870,25871,25872,25873,25874,25875,25876,25877,25878,25879,25880,25881,25882,25883,25884,25885,25886,25887,25888,25889,25890,25891,26879,26880,26923,26924,29507,29508,29519,29520,29521,29522,29524,29525,29526,29527,29528,29529,29530,29531,29532,29533,29534,29535,29536,29537,29538,29539,29540,29541,29542,29543,29544,29545,29546,29898,29899,29900,29901,30072
363,17031,17331,18106,18092,18130,18186,18443,18442,18461,19087,19232,19262,19436,19575,19808,19925,19980,20066,20327,20583,20755,20927,20946,21193,21281,21295,21336,21420,21482,22085,22222,22290,22351,22373,22389,22444,22462,22716,22876,22996,23123,23297,23407,23454,23582,23686,23703,23785,24055,24057,24110,24175,24540,24932,24972,25064,25067,25186,25197,25447,25485,25493,25581,25865,27245,27358,27697,27931,27937,27994,28060,28279,28447,28465,29112,29175,29193,29423,29424,29446,29453,29566,29663,29740,30454,30495,30535,31662,31831,32037,32038,32043,32185,32212,32435
376,16887,17057,17056,17110,17108,17658,17714,17690
392,17595,17597,17596,17598,17779,17819,17818,17820,17921
385,17429,17958,18043,18426,18425,18417,18427,18424,19520,20373,20374,21119,21123,21264,21590,21601,21602,22281,22455,22698,22825,22965,22987,23063,23264,23315,23900,24306,24307
357,16872
355,18687,17755,18219,18220,18218,18221,18213,18722,18721,20532,20533,20534,20517,20520,20521,20522,20527,20528,20530,20531,20536,21539,21540,21541,21542,21544,21545,21546,21547,25722,25726,25727,25728,25729,25730,25731,25732,25733,25734,25735,25736,25738,25739,25740,25741,25743,25744,25746,25747,25748,25749,25750,25751,25752,25753,25754,25755,25756,25757,25759,25761,25763,28535,28536,28537,28538,28539,28540,28541,28542,30006,30025,30028,30030,30031,30032,30033,30035,30043,30048,30053,30058,30059,30060,30061,30062,30063,30064,30065,30066,30791,30792,30794,30795,30796,30797,30798,30800,31346,33564,33565,33566,33547,33548,33549,33552,33553,33555,33556,33557,33559,33561,33562,33563,33567,33568,33569,33570,33571,33573,33575,33576,33577,33579,33580,33581,33582,33583,34008,34009,34010,34011,34012,34013,34014,34083,34708,34709,34710
397,17187,17688,17689,17682,18340,18339,18335,18535,18532,18713,19222,19792,19793,19809,20059,20060,20330,20333,20556,21083,21085,21086,21087,21088,21466,21467,22356,22438,23114,23116,23547,23550,23551,23553,23554,23919,23921,23922,24160,24163,24293,24310,24357,24359,24379,24742,24744,24746,24752,24869,24871,25053,25055,25155,25157,25289,25698,25701,25952,25997,26261,26902,27063,27170,27207,27489,27493,27494,27902,27903,28052,28942,28944
377,17264,18891,18946,18944,18945,19628,20580,21627,21628,22396,22397,22400,22401,22402,22403,22756,22758,22759,22923,22924,23292,23294,23295,23468,23796,24312,24538,24591,24690,24865,24866,24867,24868,25115,25415,25417,25418,26102,26104,26106,26110,26111,26619,26622,26893,26894,26895,27345,27347,27349,27350,27745,27746,27747,27748,27749,27952,27953,27954,27955,27995,28911,28912,28914,28915,28916,28917,28918,28919,28920,28921,28922,28923,28924,28925,28926,29024,29025,29026,29365,29367,29368,29588,29589,31122,31124,31398,31401,31402,32128,32129,32130,32131,32132,32133,32134,32847,32852,32853,32854,32855,32857,32858,33089,33090,33092,33093,33094,33095,33405,33406,33408
364,17016,17020,18123,18146,18245,18235,18423,18422,18412,19813,19815,19816,19836,19859,19872,19907,20889,20890,21750,21752,23728,25948,25949,25950,27243,29224,31290,31639,31640,31756,33026
399,18684,18692,18696,18694,18693,18695,18690,18691,19083,19192,19336,19414,19702,19823,19929,19954,20041,20824,20835,21178,21298,21533,21837,22001,22275,22335,22501,22746,22785,22803,22818,22918,23345,23414,23531,23639,23656,23755,23973,24090,24225,24247,24367,24373,25654,25956,26405,26412,26435,26882,26886,26891,27136,27274,27277,27758,27787,27793,27802,28672,28689,29033,29066,29305,29330,29377,29399,30487,30551,30847,30983,31081,31088,31320,31521,31598,31607,31612,31704,31993,32048,32139,32173,32328,32418,32570,32589,32887,32891,32902,33350,33375,33402,33423,33437,33465,33474,33511,33617,33669,33781,33952,34034,34076,34082,34159,34318,34519,34550,34552,34614,34745
391,16923,17111,17824,17830,17829
378,17370,17431,17438,17503,17692,17694,17735,17756,17956
396,18154,21308,21310,21311,21312,21313,21314,21315,21317,21318,21320,21321,21322,21323,21324,21325,21326,21327,21328,21329,21330,21331,21333,21334,21335,21338,21339,21340,21341,21342,21343,21344,21345,21346,21347,21348,21349,21350,21351,28352
384,16967,17042,17096,17397,17368,17497,17783,17791,17895,17961,18096,18251,18353,18564,18562,18582,18593,18599,18616,18697,18685,18708,20336,21072,21179,21270,21277,21411,21549,21551,21649,21660,21692,21726,22234,22287,22306,22440,22479,22489,22672,22867,22950,23012,23127,23145,23202,23243,23273,23366,23378,23419,23460,23529,23535,23651,23931,23955,23993,24076,24147,24277,24284,24309,24326,24347,24358,24362,24368,24603,24604,24954,25638,25647,25665,25690,25696,25697,25718,25852,25931,25939,26563,26584,26651,26652,26654,26737,26745,26756,26859,26868,26876,26931,26989,27006,27030,27036,27158,27213,27237,27242,27394,27533,27634,27730,27906,27990,28155,28160,28382,28394,28426,28547,28727,28817,28858,28954,29171,29196,29227,29241,29297,29360,29443,29452,29554,29665,29689,29692,29721,29745,29771,30067,30071,30095,30199,30219,30249,30268,30311,30386,30436,30439,30470,30528,30617,30622,30649,30684,30755,30756,30768,30770,30774,30872,31148,31226,31240,31278,31341,31488,31495,31563,31724,31741,31806,31823,31853,32031,32063,32090,32147,32206,32369,32374,32379,32384,32410,32676,32703,32889,33162,33169,33191,33380,33382,33383,33419,33459,33651,34262,34471,34510,34516,34525,34526,34531,34549,34580,34582,34587
401,18568,20414,20422,20723,20728,20729,20808,20996,21008,21010,21012,23538,27181,27183,27184,27200,27239,27241,29058,29063,31461,31475,33417,33957,33959
402,17153,17155,17156,17332,17339,17995,17996,17991,19352,19357,19358,19354,19351
374,16865,17277,17278,17282,17362,17427,17445,17481,17551,17589,17695,17726,17758,17813,17816,17825,17838,17862,17876,18045,18093,18138,18157,18566,18576,18824,18829,18853,18856,18915,18979,19020,19072,19206,19210,19282,19324,19415,19463,19519,20117,20371,20382,20388,20421,20447,20454,20557,20708,20714,20719,20785,20817,20821,20905,21146,21291,21537,22179,22203,22221,22239,22258,22289,22360,22404,22407,22674,22720,22857,22881,22906,23171,23209,23220,23232,23237,23250,23255,23271,23568,23590,23619,23753,23757,23763,23943,23970,23971,23991,24027,24073,24088,24308,24320,24323,24365,24369,24481,24490,24807,24938,24957,24975,25079,25105,25214,25309,25512,25639,25653,25671,26397,26431,27015,27024,27144,31650,31902,32883,32886
383,17109
398,17451,17957,18359,19501,19885,20346,20353,20496,21130,21480,21484
375,17534,17535,17540,17541,17539,17918,18023,18140,18204,18203,18195,18201,18202,18821,18844,18877,18881,18880,18884,18878,18879,18874,18883,18882,18876,20799,20800,20801,20802,20803,20804,20805,20994,21009,21166,21170,21171,21172,21176,21184,21228,21297,21591,21595,23370,23480,23484,23485,23486,23487,23488,23489,23490,23491,23492,23493,23494,23495,24820,24821,24822,24823,24825,24826,24827,24828,24829,25270,25294,25295,25296,25297,25298,26054,26055,26057,26177,26178,26179,26181,26182,26183,26348,26363,26364,26365,26366,26455,26610,27804,27807,27808,27809,27950,27951,29301,29302,29303,29304,30076,30077,30078,30079,30080,30081,30082,30083,30084,30085,30086,30087,30088,30089,30090,30091,30092,30094,31110,31331,31730,31794,31795,31796,31797,31798,31799,31965,31966,31967,32022,32034,32347,33388,33481,33488,33489,34349,34351,34353,34354
403,17007,17114,17119,17181,17176,17526,17536,17713,17799,17793,17976,18148,18144,18298,18356,18490,18494,18496,18497,18583,18612,18778,18817,18826,18970,18976,18972,19152,19151,19148,19286,19452,19460
382,17337,17396,17599,18132,18143,18704,18706,19942,19946,19994,20500,20564,20584,21272,21294,21384,21979,22294,22907,22908,22909,22911,22912,23269,23354,23644,23645,23646,23714,23717,24034,24121,24132,24317,24318,24480,24488,24541,24756,24757,24759,24760,24761,24762,25287,25288,25964,25967,26279,26280,26466,26469,26888
349,18188,18190,18192,18189,18191,18187,19378,19384,19382,19380,19379,19421,19428,19430,19431,19453,20101,20103,20104,20183,20185,20187,20535,20920,21033,21523,21524,21525,21526,21527,21746,23044,23045,23046,23047,23048,23049,23051,23052,23053,23055,23056,23057,23106,23536,23541,23542,23815,23818,23819,23820,23821,23822,26595,26596,26597,29587,29592,29593,29594,29595,29597,29598,29599,29759,30106,30111,30113,30114,30116,30119,30120,30121,30122,30123,30124,30125,30127,30128,30130,30131,30133,30134,30135,30136,30137,30140,30142,30145,30149,30150,30151,31108
393,16937,17204,17240,17360,17447,17544,17562,17636,17693,17872,17893,18156,18256,18549,18548,18804,18953,18958,18967,18981,19006,19000,19092,19190,19404,19890,19895,19896,19957,20001,20004,20014,20037,20437,20575,20681,20697,20786,20908,20944,21356,21520,21621,21814,22441,22443,22451,22715,22913,23108,23248,23705,23876,23927,24024,24026,24164,24313,24551,24798,24948,24984,25120,25228,25257,25260,25277,25293,25496,25506,25508,25636,25906,25908,25909,25910,26033,26038,26336,26372,26411,26418,26419,26423,26452,26502,26509,26544,26680,26681,26688,26694,27801,27949,28162,28374,28399,28477,28520,28532,28780,28791,28862,29034,29263,29796,29973,30254,30309,30568,30571,30643,30678,30742,30776,30801,30848,30967,31214,31218,31330,31611,31623,31664,31686,31767,31787,31935,31981,31989,32036,32197,32243,32245,32587,32588,32598,32601,32607,33034,33040,33047,33345,33376,33487,33807,34005,34032,34204,34330,34342,34348
359,16972,17315,17441,17465,17706,17759,17761,18196,18233,18236,18246,18264,18234,18260,19242,19607,19610,19611,19612,19613,19614,19615,19618,19619,19620,19621,19650,20182,20193,20194,20195,20196,20197,20338,20426,20461,20611,20617,20744,20778,21143,21230,21231,21232,21233,21234,21235,21431,21667,21930,21931,22673,22678,22679,22682,22914,22915,22916,22917,22993,23126,23340,23350,23530,23532,24106,24111,24113,24114,24115,24116,24117,24874,24876,24877,24880,24882,24883,24884,24885,24887,24888,24889,24900,25019,25021,25022,25023,25091,25106,25192,25995,26040,26915,27580,27582,27583,27584,27585,27596,27599,27608,27612,27614,27615,27616,27617,27618,27620,27621,27622,27624,27625,27712,27713,27715,28788,29322,29454,29455,29456,29458,29459,29461,29462,29464,29725,29727,29728,29729,29730,29731,29732,29733,29734,29758,29826,30012,30054,30055,30461,30462,30463,30464,30465,30957,30958,30959,30960,30961,30968,31146,31280,31329,31554,31651,31652,31707,31709,31848,31855,31856,31857,31858,31859,32044,33469,33821,34045,34048,34049,34050,34051,34052,34053,34055,34056,34058,34059,34060,34061,34062,34063,34064,34065,34066,34067,34068,34069,34070
395,17484,20204,20207,21445,21448,23042,28468,28469,28470,28472,28473,28474,28475,28476,28479,28481,28482,28484,28485,28487
360,17018,17545,18040,18039,18474,19695,20171
352,17014,17307,18290,18341,19738,19746,20047,20051,20053,23136,23267,23477,23478,23589,23591,23592,23995,23997,23998,23999,24064,24101,25617,25664,25666,25668,25669,25670,25672,29716,29909,30096,30098,30688,30897,31247,31248,31370,31371,31372,31373,31492,31626,31656,31657,31844,32253,32261,32262,32263,32264,32265,34816
414,17405
406,17166,17435,18345,18337,18347,19163,19166,19165,19164,19162,19706,19707,19708,19710,19833,20199,20202,20376,20667,20668,20770,20993,21227,21569,21630,21631,21632,22230,23164,23462,23583,23800,23932,24133,24356,24370,24377,24387,24698,24763,24894,25073,25119,25158,25266,25559,25629,25645,25675,25858,26191,26200,26230,26257,26686,26691,26747,26914,27091,27137,27212,27290,27539,27940,27941,27942,28585,29212,29457,29647,29648,29752,30226,30338,30339,30482,30633,30635,31167,31410,31509,31750,31755,31869,32208
411,17442,17440,18133,18387,18642,18644,18622,18643,19034,19578,20349,20427,20656,20657,20825,20858,20973,21268,21286,21290,21382,21727,21740,21743,21753,21813,21908,22296,22500,23256,23261,23421,23641,23643,23725,23769,23816,24095,24131,24529,24531,24579,24629,24631,24715
409,17053,17506,17509,17508,17601,18142,19507,19511,19512,19636,20288,20291,20358,20453,20832,20864,21149,21196,21352,21716,21725,22101,22154,22159,22291,22293,22324,22414,22415,22442,22648,23011,23254,23259,23301,23594,23623,23636,23678,23715,24521,24552,24553,24554,24555,24556,24738,24740,25130,25199,25320,25700,26974,26978,26979,27481,28388,28393,28549,28932,28937,29290,29567,31190,31202,31204,31205,31206,31649,31655,31716,31977,32213,32218,32443,32685,33194,33195,33196,33249,33461,33462,33494,34176,34260,34408,34470,34667,34668,34669,34670,34671,34672
415,16948
425,17479,17572,17699,18022,18025,18108,18129,18705,18784,18800,18843,19399,19420,19494,19703,19975,20040,20056,20390,20432,20562,20756,20777,20893,20904,21132,21299,22138,22323,22459,22774,22850,23208,23743,24086,24219,24294,24534,24782,24990,25229,25292,25435,25510,25619,25623,25649,25682,25943,25947,26035,26315,26346,26458,26461,26586,26678,26692,26715,26810,26816,26819,26994,27140,27246,27275,27320,27526,27528,27575,27629,27653,27729,27797,27957,28024,28383,28498,28505,28550,28589,28696,28710,28738,28750,28956,29244,29292,29341,29549,29562,29617,29626,29754,29785,29791,29817,29910,30301,30341,30353,30468,30550,30631,30687,31024,31057,31227,31334,31339,31411,31613,31654,31684,31784,31893,31948,31970,32102,32110,32194,32290,32413,32447,32597,32655,32823,32825,32829,32912,33070,33100,33241
423,17845,17860,18517,18516,18510,18514,18560,18605,18870,18868,18869,18871,18885,19116,19112,19117,19353,19863,19865,19866,20019,20344,20363,20364,20365,20366,20368,20431,20585,20589,20591,20693,20919,20922,21044,21046,21580,22044,22047,22048,22088,22091,22093,22652,22657,22658,22659,22660,22662,22969,23188,23839,23840,23841,23843,23844,24099,24102,24172,25539,25560,25561,25564,25566,25571,25574,25575,25610,25630,25632,25841,25842,25844,25845,25899,25914,25940,25941,25966,26093,26095,26339,26340,26341,26342,26343,26382,26383,26414,26510,26512,26598,26602,26926,26928,26948,26952,26954,26955,26956,27034,27037,27038,27215,27216,27244
404,17158,17159,18018,18016,18017
413,17371,17407,17415,17628,19342,19582,19649,20030,20033,20399,20574,20852,20854,21027,21042,21163,21181,21481,21847,21850,21895,22327,23751,23778,24118,24266,25764,25772,25821,26188,26197,26203,26276,26281,26415,26426,26429,26436,26440,26516,26560,27035,27052,27061,27365,27377,27920,27925,28156,28650,28938,29266,29268,29334,29489,29912,29924,30200,30256,30373,30472,30488,30766,30918,30922,31078,31084,32104,32112,32353,32378,32716,32721,32890,32896,32904,33036,33056,33802,33810,33813,34155
418,17015,18468,18466,18434,18436,18429,19331,20653,20654,21534,22086,22627,22743,23528,25448,25449,25484,25495,25503,26028,26353,26354,26356,26357,26358,26473,26615,30160,30161,30162,30163,30164,30686,34434
408,16971,17186,17480,17583,17624,17660,17711,17782,18320,18368,18718,18779,18764,19235,19278,19368,19372,19413,19878,19893,20029,20034,20036,20080,20507,20545,20809,21014,21039,21043,21081,21245,21378,21415,21423,21442,21550,21647,21651,21663,21845,21913,21925,21927,21974,22420,22946,22970,22995,23023,23178,23189,23204,23249,23277,23285,23291,23322,23337,23343,24144,24388,24392,24621,24627,24655,24662,24673,24676,24985,25208,25259,25265,25284,25465,25562,25578,26001,26205,26239,26626,26630,27100,27265,27283,27389,27611,27711,27805,27813,27979,28500,28556,28875,28943,28953,28971,28989,28991,29000,29002,29308,29404,29425,29585,29650,29737,29750,29792,29812,29896,30013,30068,30241,30302,30317,30554,30628,30636,30648,30689,30693,31036,31051,31056,31076,31519,31636,31953,31988,32071,32199,32222,32252,32573,32771,33287,33330,33348,33366,33808,33819,33820,34179,34367,34508,34509,34544,34545,34560,34579
421,17220,17665,17667,17798,17795,18007,18006,18026,18261,18258,18523,18524,18525,18667,18996,19271,19424,19425,19458,19888,19947,19977,20407,20410,20411,20487,20502,20847,20848,20849,20900,20917,21061,21062,21112,21191,21236,21896,21897,21898,21899,21900,21901,21902,21903,21904,21999,22099,22271,22359,22368,22369,22370,22431,22695,22841,23683,23684,23729,23855,24005,24296,24297,24298,24299,24300,24570,24571,24572,24573,24574,24575,24576,24577,24578,25511,25587,25588,25589,25591,25592,25594,25604,25605,25606,25607,25609,25611,25612,25613,25614,25616,25618,25776,25834,26492,26518,26519,26520,26521,26522,26524,26525,26947,26949,26950,26988,27019,27028,27072,27192,27247,27279,27453,27467,27530,28034,28040,28041,28042,28043,28044,28045,28348,28702,28704,28705,28706,28707,28708,29277,29280,29281,29282,29283,29285,29286,29287,29288,29300,29333,29335,29402,29476,29559,29563,29565,29620,29755,29757,29819,29820
407,17128,17528,17587,17588,17571,17600,17671,17670,17653,17672,18486,18588,18590,18592,18597,18589,18598
441,17255,17256,17254,17257,17777,17776,18054,18484,18483,19051,19057,19107,19364,20089,20090,20091,20400,20415,20509,21493,21494,21495,21497,21499,21501,21858,21859,21860,23016,23017,23018,23060,23061,24268,24270,24271,24272,24381,24385,24386,25196,25198,25200,25201,25202,25203,25204,25205,26046,26047,26814,26861,26865,26866,26867,26869,27040,27041,27042,27043,27044,27045,27719,27720,27721,29178,29179,29180,29181,29182,29764,29765,29766,29767,29799,29803,29806,29807,29844,30218,30258,30299,30300,30639,30640,30641,30704,30705,31075,31077,31182,31385
427,17001,17317,17842,17844,17843,17945,17947,18042,18112,18247,18250,18440,18432,18546,18567,18594,18659,18660,18790,18785,18786,18787,18791,18940,18998,19290,19335,19337,19332,19334,19333,19743,19805,19963,20206,20212,20313,20334,20709,20710,20711,20712,20713,20725,20742,20754,20758,20940,20942,20948,20980,21068,21075,21076,21129,21653,21655,21656,21657,21659,21793,21861,21862,21863,21864,21865,21866,21867,21868,21892,21911,21926,21929,22049,22053,22054,22055,22056,22058,22059,22107,22109,22211,22229,22354,22357,22377,22446,22670,22717,22961,22963,22964,22973,23097,23117,23143,23404,23602,23604,23674,23675,23788,23813,23917,23948,24066,24185,24274,24281,24311,24372,24595,24699,24710,24711,24712,27757,27759,27760,27761,27762,27763,27764,27765,27766,27767,27768,27769,27770,27771,27772,27773,28157,28328,28381,28582,28759,29044,29045,29239,29354,29355,29356,29357,29550,29988,30057,30333,30337,30360,30553,30557,30558,30559,30560,30578,30623,30650,30665,30666,30692,31169,31265,31271,31272,31273,31571,31581,31582,31583,31584,31585,31586,31587,31589,31590,31752,31753,31891,31898,31925,31958,32066,32385,32387,32419,32430,32431,32801,32921,32922,32923,32950,33059,33136,33137,33138,33139,33140,33141,33142,33492,33526,33527,33528,33529,33530,33531,33532,33533,33534,33535,33536,33537,33621,33869,34182,34360,34636,34637,34638,34639,34640,34681,34682,34686,34691,34700,34701
343,16982,17127,17142,17373,17459,17974,18037,18126,18222,18231,18252,18351,18395,18383,18552,18553,18554,18550,18661,18774,18735,18875,19108,19109,19121,19147,19237,19238,19272,19360,19377,19817,19981,20038,20055,20450,20542,20543,20632,20769,20773,20878,21016,21017,23065,23067,23068,23283,23288,23289,23317,23401,23544,23951,24781,24783,24784,24785,24787,24788,24789,24790,25140,25519,25774,25775,26092,26094,26097,26345,26376,26511,26514,31559,31744,31865,31877,31879,31880,31881,31883,32179,32192,32193,32352,32424,32427,32428,32603,32678
426,17875,17920,17930,17932,17933,17928,17937,17938,17936,17935,17939,17931,17940,17927,17934,18511,18518,18515,18513,18521,18512,18520,18519,18618,18711,18781,20481,20483,20497,20506,20513,20689,20690,20691,20692,20867,20877,21982,21983,23556,23559,23560,23561,23562,23563,23564,23677,23679,23680,23681,23812,23825,23826,25300,25631,25633,25634,25689,25691,25692,25693,25694,25766,25860,25937,25938,26045,26446,27536,27915,29197,30193,31491,33672,33673,34435,34556
439,17028,17179,17177,17178,17531,17533,17532,17537,17538,17518,17580,18063,18124,18136,18134,18135
438,22622,22624,22625,22626,23364,23802,23803,23804,23990,23994,24009,24011,24638,24639,24640,24741,25049,25182,25183,25957,25958,25959,25998,26000,26256,26493,26494,26495,26496,26646,26647,27154,28331,28332,28333,28334,28335,28336,28337,28338,29166,29214,29393,29394,29395,29396,29503,30165,30166,30167,30168,30209,30210,30211,30212,30213,30214,30215,30245,30246,33772,33774,33775,33776,33777,33778,33779,33780,34305,34306,34307,34308,34309,34310,34311,34312,34313,34314,34325,34388,34569,34570,34571,34572,34573,34574
436,17395,17698
433,17017,17594,17841,20935,28115,28116,28117,28133,28134,28135,28136,28137,28139,28141,28142,30610,33284,33286,33291,33292,33310,33315,33364,33497,33501,33502,33542,33627,33648,33665
435,17095,17276,17274,17281,17324,17729,17760,17823,17980,18384,18569,18658,18624,18723,18739,18803,18801,20816,20943,20961,20962,20968
431,17169,17462,17466,17505,17705,17896,18827,18896,18898,18902,18897,18900,18901,19041,19040,19036,19042,19047,19044,19046,19038,19045,19504,19506,19571,19589,19725,19730,20234,20235,20236,20515,20670,21301,21302,21303,21304,21306,21307,21516,21633,21634,21635,21636,21838,22158,23501,23502,23503,23504,23505,23506,23507,23509,23510,23511,23512,23513,23514,23515,23516,23517,23518,23519,23520,23521,23522,23523,23524,23525,23526,23527,23617,23731,23738,23760,23762,23837,23838,23893,23894,23895,23928,24234,24241,24242,24302,24675,24678,24679,24680,24681,24682,24683,24685,24686,24687,24688,24689,24739,24748,24750,24751,24836,26029,26031,26124,26127,26128,28395,28403,28404,28419,28514,28636,28782,28874,28876,28877,28987,29251,29255,29298,29327,29349,29504,29586,30097,30101,30269,30345,30346,30706,30709,30711,30850,30852,31239,31566,31712,31713,32211,32278,32281,32282,32286,32568,32659,32675,32709,32836,32841,32911,33029,33032,33476,33510,34730
430,16985,17112,17097,17126,17543,18854,18984,19009,19075,19114,19277
429,17338,17654,19177,19178,19218,19219,20603,20791,20792,20793,20795,20937,22504,22639,23144,23148,23149,23587,25029,25030,25032,25033,25037,25038,27705,27707,27709,29482,29483,29485,29486,29487,29895,29905,29907,31133,31155,32005,32008,32010,32012,32156,32246,33424,33425,33961,33962,34096
447,17052,17701,17718,17721,17719,17720,17861,18401,18400,18392,18399,18585,18812,18806,18808,18811,18845,19090,19097,19094,19096,19093,19133,19622,19626,19627,20081,20085,20086,20114,20592,20595,20596,20616,20619,20620,20621,20960,21051,21053,21054,21688,21690,21691,21806,21809,21810,21846,22106,22111,22112,22447,22448,22449,22450,22953,22956,22957,23274,23280,23281,23371,23749,23861,23862,23863,24176,24215,24217,24218,24514,24516,24517,24519,24520,24524,24562,24563,25063,25334,25336,25337,25338,25339,25341,25342,25343,25344,25345,25346,25347,25348,25349,25401,25708,25721,25822,25823,25933,26301,26303,26304,26305,26306,26307,26308,26309,26310,26311,26323,26352,26573,26644,26650,26878,26912,27089,27093,27094,27096,27098,27120,27123,27124,27125,27126,27173,27325,27328,27329,27359,27376,27728,27731,28074,28079,28080,28081,28082,28083,28084,28511,28605,28623,28624,28625,28850,28856,28873,28880,29020,29021,29022,29062,29065,29067,29114,29115,29257,29260,29261,29642,29700,29927,29980,29982,29983,29984,29985,30356,30423,30424,30425,30426,30427,30440,30654,30690,30712,30902,30903,30904,30906,30907,30909,30920,30945,30969,30979,31086,31087,31357,31703,31711,31714,31791,32039,32049,32050,32276,32280,32307,32329,32351,32376,32652,32653,32654,32768,32769,32770,33084
444,18011,18301,18397,19828,19838,20050,20121,20156,20736,20749,20771,20836,20897,20906,21142,21156
453,18932,17602,17892,18242,18241,18243,18239,18226,18240,18238,18289,18498,18502,18839,18840,19416,19892,19902,19903,20348,20350,20351,20992,21001,21002,21003,21430,21624,21625,21912,22117,22129,22130,22131,22132,22133,22134,22135,22314,22315,22316,22804,22805,22942,22974,23210,23211,23222,23459,23497,23498,23499,23500,23669,23779,23807,23817,24135,24137,24138,24139,24140,24141,24142,24731,24732,25397,25398,25164,25165,25358,25359,25360,25361,25362,25363,25365,25366,25367,25368,25370,25371,25372,25373,25374,25375,25376,25377,25378,25379,25380,25381,25382,25383,25384,25385,25386,25387,25388,25389,25390,25391,25392,25399,25400,25437,25438,25787,25789,25790,25792,25793,25794,25795,26130,26131,26132,26133,26134,26135,26136,26137,26350,26589,26590,26591,26592,26593,26858,27182,28053,28089,28090,28091,28092,28093,28094,28095,28103,29113,28669,28740,28992,28994,28995,28996,28997,29138,29245,29389,29390,29391,29392,29400,29680,29685,29713,29714,29917,30227,30355,30376,30587,30588,30589,30590,30591,30700,30708,30841,30842,30843,30845,31109,31111,31112,31113,31156,31211,31228,31270,31499,31507,31606,31608,32291,32446,32448,32450,32451,32453,32454,32457,32648,32756,32757,32758,32759,33114,33115,33116,33179,33477,33480,34084,34085,34143,34333,34339,34387,34768,34769,34770,34771,34772,34774
443,17242,17243,17322,17510,17634,17635,17623,17922,17941,18131,18139,18828,18904,18980,19261,19257,19407,19400,19485,19818,19908,19911,19913,20044,20257,20259,20260,20261,20282,20289,20290,20425,20482,20493,20721,20726,20772,20866,20868,21105,21107,21279,21376,21476,21744,22178,22180,22181,22182,22183,22184,22185,22186,22187,22189,22190,22191,22193,22194,22195,22196,22197,22200,22202,22208,22458,22721,22831,22836,22838,22921,22928,23025,23038,23039,23105,23229,23235,23577,23723,23724,23914,23933,24025,24033,24618,24755,24765,24766,24767,24769,24770,24771,24772,25171,25173,25174,25175,25188,25189,26638,26639,26640,26762,26770,26772,26776,26925,27016,27138,27222,27281,27282,27480,27628,27632,27659,28017,28019,28499,28501,28503,28551,29162,29271,29358,29469,29551,29722,29814,30208,30238,30240,30323,30442,30445,30446,30447,30450,30451,31064,31065,31066,31132,31134,31135,31136,31222,31242,31496,31555,31556,31645,31829,31932,31972,31975,32140,32158,32394,32915,32983,32984,32985,32987,33201,33436,33514,33541,34087,34275,34286,34694,34695,34696
442,17145,17306,17305,17563,17622,17621,17778,17926,17988,18388,19019,19021,19023,19229,19461,19464,19508,19568,19654,19752,19945,20163,20166,20167,20457,20458,20518,20647,20648,21519,21581,21583,21584,21585,21671,21672,21674,21675,21676,21677,21679,21710,21711,21730,22116,22118,22119,22120,22121,22122,22123,22124,22125,22209,22245,22304,22329,22419,22885,22932,22984,23279,23422,23566,23688,23692,23721,23799,23942,24012,24014,24044,24078,24232,24528,24716,24853,24854,25080,25159,25267,25483,25576,25583,25770,25771,25781,25944,25996,26060,26069,26209,26217,26599,26603,26809,26871,26874,26875,26992,27026,27059,27102,27169,27272,27280,27367,27396,27465,27669,27930,27948,28026,28032,28152,28154,28437,28438,28518,28529,28574,28629,29049,29085,29093,29094,29100,29134,29676,29677,29678,29679,29815,29830,30040,30513,30563,30565,30594,30658,30668,30696,30698,31013,31018,31020,31033,31117,31378,31614,31624,31630,31642,31663,31998,32024,32069,32267,32366,32489,32668,32822,32954,33279,33449,33464,33467,33486,33558,33584,33787,33788,34089,34172,34211,34321,34364,34365,34375,34382,34402,34474,34576,34577,34586,34617,34704,34762,34817
448,17239,17491,17489,17873,18089,18099,19488,19984,19989,20695,20696,20885,20886,20887,21028,21283,21285,21353,21355,22784,22786,22788,22810,22840,23336,23338,23482,23483,23875,23877,23878,23879,23880,23881,24004,24028,24054,24180,24184,24188,25490,25796,25797,25798,25819,25840,25912,26649,26789,26883,27677,27756,27792,27798,29772,29775,29813,29824,30234,30260,30282,30419,30420,30562,30564,30745,30840,30899,30952,30982,30986,30987,31030,31085,31114,31232,31233,31748,31807,31808,31809,31810,31811,31899,31903,31904,31954,32662,32663,32665,32938,32939,32940,32941,32942,34517,34594,34615,34630,34631,34632,34633
400,17270,17269,17268,17271
445,19236,19243,19241,19259,19240,19244,19252,19256,19250,19255,19239,19246,19254,19247,19318,19315,19319,19316,19320,19532,19535,19537,19539,19541,19542,19543,19544,19545,19549,19554,19584,19585,19586,19587,19799,19951,19955,19996,20329,20433,20558,20559,20560,20561,21035,21037,21141,21278,21280,21610,21613,21614,21615,21808,21811,21844,21905,21906,22087,22089,22213,22215,22273,22310,22342,22430,22486,22677,22829,23130,23246,23268,23284,23355,23730,23805,23947,24077,24186,24208,24212,24240,24292,24301,24371,24443,24624,24630,24667,24718,24873,24950,25107,25112,25129,25279,25283,25291,25446,25994,26206,26236,26247,26255,26282,26285,26317,26491,26515,26526,26569,26614,26617,26767,26796,26854,26889,26892,26896,26909,26951,27047,27051,27078,27142,27485,27586,27637,27702,27714,27754,27806,27810,28020,28386,28461,28586,28670,28688,28879,28986,28990,28993,29001,29109,29122,29140,29170,29256,29329,29712,29800,29811,29922,29975,30069,30075,30157,30372,30415,30466,30619,30644,30653,30710,30806,30849,30895,30921,30932,30933,30935,30936,30962,31038,31067,31145,31170,31230,31237,31299,31506,31605,31609,31680,31978,31984,32027,32402,32404,32458,32863,32895,33010,33053,33055,33158,33170,33238,33247,33257,33305,33418,33421,33466,34081,34127,34368,34403,34407,34443,34469,34472,34553,34581,34703,34739,34747,34827,34829
449,17323,17470,17443,17603,17637,17967,18044
455,17566,17565,17568,17884,17882,17888,17887,17885,17886,17883,18214,18215,18481,18480,18603,18600,18601,18602,18656,18866,18867,18983,19521,19522,19523,19524,19525,19527,19528,19529,19530,19561,19564,19995,20075,20077,20078,20417,20811,20812,20813,20814,20815,20820,20822,20823,20863,20941,21006,21045,21267,21605,21606,21607,21608,21609,22136,22144,22641,22642,22644,22806,22807,23086,23882,23883,23884,23885,23886,23887,24410,24412,24413,24416,24417,24418,24419,24420,24421,24422,24423,24424,24425,24426,24427,24428,24429,24430,24431,24432,24433,24435,24436,24536,24537,24837,24838,24840,24988,25083,25084,25093,25191,25194,25262,25281,25411,25621
451,17091,17090,17316,17366,17458,17485,17975,17950,18055,18086,18111,18304,18352,18565,18577,18595,18662,18975,18990,18992,19074,19161,19233,19580,19583,19748,19794,19879,19923,19956,20048,20072,20341,20514,20541,20563,20576,20735,20846,20924,21097,21116,21455,21464,21652,21654,21681,21689,21705,21748,21758,21765,21774,21805,21873,21980,22007,22017,22018,22043,22140,22217,22307,22311,22325,22353,22379,22434,22692,22808,22845,22941,22952,23131,23231,23319,23342,23358,23368,23466,23570,23648,23836,23910,23918,24018,24020,24059,24864,24875,24881,25060,25156,25269,25286,25302,25440,25481,25590,25684,25824,25850,25930,25962,26213,26238,26369,26433,26441,26449,26475,26479,26507,26636,26746,26913,26984,27080,27172,27316,27338,27488,27654,27726,27727,27739,27908,27977,27992,28038,28062,28067,28345,28410,28558,28571,28744,28754,28757,28769,29019,29028,29079,29167,29236,29252,29254,29332,29351,29440,29561,29601,29604,29646,29710,29903,30179,30220,30251,30321,30441,30511,30534,30606,30642,30652,30772,30807,30855,30953,31045,31055,31059,31144,31319,31335,31367,31407,31485,31659,31693,31710,31830,31947,31973,32028,32145,32254,32364,32381,32399,32439,32461,32647,32700,32713,32772,32827,32835,32952,32968,33030,33066,33129,33159,33239,33253,33311,33490,33498,33508,33623,33815,33817,33836,33871,33953,33991,34042,34077,34128,34130,34136,34271,34289,34341,34383,34395,34401,34406,34409,34532,34536,34537,34539,34543,34546,34547,34559,34568,34575,34679,34680,34702,34711,34742
461,17326,17330,17321,17329,17990,17994,17993,18542,18775,18776,19110,19181,19208,19396,19687,19979,19983,19988,20161,20205,20402,20666,20933,20934,21058,21066,21412,21413,21722,21723,21724,21731,21935,21996,22218,22224,23037,23190,23193,23194,23195,23196,23197,23198,23200,23201,23621,23625,23626,23628,23767,23811,23898,24286,24287,24288,24321,24600,24605,24606,24610,24694,24695,24696,24794,24797,25042,25043,25045,25046,25048,25062,25082,25162,25190,25547,25565,25567,25570,25572,25825,25832,25833,26118,26119,26121,26122,26123,26170,26218,26370,26380,26404,26410,26600,26601,26628,26677,26930,26957,26962,27000,27018,27121,27724,27988,28353,28354,28355,28357,28358,28359,28360,28361,28362,28363,28365,28370,28375,28400,28800,28801,28803,28804,28807,28812,28813,29051,29054,29055,29056,29076,29078,29144,29146,29216,29222,29223,29242,29350,29492,29493,29494,29707,30093,30138,30141,30143,30146,30148,30152,30362,30364,30366,30367,30368,30369,30395,30523,30524,30525,30657,30683,30896,30963,31140,31141,31143,31215,31294,31296,31389,31391,31392,31408,31660,31768,32046,32070,32332,32367,32368,32426,32459,32837,32839,32840,32894,32897,32946,32947,32948,32949,33074,33252,33258,33339,33400,33401,33414,33438,33608,33783,33785,33824,33825,33965,34004,34163,34227,34230,34231,34241,34261,34557,34562,34563,34564,34565,34566,34567,34599,34697,34826
456,17697,20974,20975,22114,24361,24394,24396,24397,24558,24560,24561,25778,26604,26605,26606,26607,26608,26684,32838,32842,32843,32844,32845,32879,32880,32881,32955,33011,33035,33337,33816,33818,33935
454,17076,17077,18354,19861,19867,19868,19869,20113,20227,20228,20229,20231,20949,20951,20952,20953,21026
457,17289,17902,18053,19264,19273,19294,19778,21802,21804,22235
458,17120
460,17107,17318,17319,17312,17707,17712,17801,17802,17959,18437,18487,18505,19269,19724,19732,19733,19734,20076,20082,20217,20218,20328,20626,21521,21528,21529,21760,21764,21995,21998,22110,22632,22633,22634,22691,22710,22711,22714,23031,23032,23372,23416,25128,25782,25783,25784,25785,25786,27319,27321,27322,27323,27324,27395,27397,28387,28390,28391,28666,28668,29374,29375,29376,29450,29466,29579,29636,29640,29715,29717,30196,30197,30198,30342,30343,30409,30411,30412,30980,30981,31743,31745,31746,31747,31846,31849,31851,32155,32168,32169,32170,32272,32395,32396,32397,33586,33588,33645,33649,33650,33657,33676,33902,33903,33938,34240,34411,34416,34417,34767,34775,34830
466,17558,17554,17749,17754,17815,19062,20630,20634,20640,21023,23432,24324
462,17117,17118,17267,17284,17342,17352,17391,17490,17500,17639,17629,17673,17662,18101,18102,18217,18207,18265,18271,18367,18365,19212,19216,19409,19429,19769,19775,19856,19887,19898,20035,20164,20168,20275,20297,20462,20715,20827,20899,21200,22742,22744,23236,23321,23323,23333,25212,25231,25232,25233,25234,25235,25236,25237,25238,25239,25240,25241,25242,25243,25244,25246,25247,25248,25249,25250,25251,25625,25626,25627,25674,25676,25677,25678,25679,25680,26903,27122,27227,27229,27230,27231,27232,27907,27909,27910,28792,28793,28794,28796,28797,28798,29436,29439,31483,31484,32143,32764,32765,32766,32767,33415,33756,33757,34578
463,17241,17244,17328,17488,17492,17627,17746,17748,19308,19306,19305,19307,19304,19299,19986,20017,20022,20023,20024,22025,22027,22028,22030,22031,22032,22034,22035,22036,22038,22040,22041,22042,22104,22160,22162,22163,22268,22635,22737,22886,22888,22895,22968,23179,23599,23758,23783,23793,23967,24774,24775,24776,24778,24779,25097,25100,25102,25103,25104,25121,25177,25303,25413,25709,25710,25711,25713,25714,25715,25716,25717,25719,25801,25864,25927,26037,26229,26298,26764,26811,26942,27368,27370,27372,27373,27375,27454,27455,27498,27919,27922,28085,28339,28517,28652,28654,28655,28656,28762,28864,28868,28871,29176,29183,29185,29186,29187,29369,29371,29372,29373,29451,30201,30203,30205,30206,30471,30474,30475,30476,30478,30707,30816,30817,30818,30819,30856,31032,31034,31039,31207,31274,31497,31502,31504,31530,31868,31871,31872,31874,31950,31956,32989,32992,32993,32994,32995,32997,32998,32999,33000,33001,33002,33003,33004,33005,33007,33049,33050,33051,33058,33060,33180,33181,33343,33442,33992,33998,33999,34000,34001,34002,34748,34750,34752,34754,34755,34756,34758,34759,34818,34819,34821,34822,34823,34824,34825
464,17434,17676,18117,18232,18249,18248,18544,18543,18545,18702,18703,18783,18796,19030,19025,19048,19201,19202,19369,19417,19486,19779,19780,20062,20108,20404,20578,20586,20807,20925,21157,21269,21751,21787,21794,21795,21796,21797,22006,22282,22285,22410,22474,22475,23247,23251,23252,23253,23299,23614,23616,23652,23661,23750,24008,24126,24129,24214,24495,24496,24498,24499,24501,24513,24523,24525,24527,24530,24532,24580,24581,24585,24588,24590,24592,24597,24602,24613,24614,24615,24616,24617,24654,24657,24668,24674,24717,24733,24743,24979,24980,24981,24983,25020,25024,25040,25070,25072,25094,25098,25139,25206,25209,25210,25211,25412,25414,25420,25443,25467,25468,25469,25470,25471,25472,25473,25474,25476,25477,25479,25480,25487,25492,25494,25507,25577,25580,25622,25802,25805,25816,25818,25820,25836,25837,25839,25846,25847,25848,25851,25853,25854,25859,25863,25893,25932,25955,25960,25961,25963,26061,26066,26079,26096,26125,26126,26138,26139,26140,26145,26163,26164,26165,26166,26167,26168,26169,26172,26176,26186,26192,26194,26195,26208,26234,26241,26264,26295,26312,26327,26328,26377,26378,26384,26385,26386,26387,26388,26389,26390,26391,26392,26393,26394,26396,26403,26413,26421,26422,26425,26432,26434,26438,26468,26471,26478,26484,26488,26542,26543,26559,26562,26564,26627,26663,26676,26682,26716,26734,26855,26863,26864,26901,26990,27161,27734,27741,27744,27945,27975,28039,28047,28048,28049,28050,28380,28546,28730,28755,28778,28824,28857,29003,29005,29023,29040,29101,29135,29142,29345,29347,29380,29438,29645,29916,29918,29919,30221,30335,30430,30480,30629,30701,30744,30754,30908,30916,30917,30919,31022,31049,31216,31231,31235,31343,31387,31462,31528,31697,31876,31946,31952,31990,32057,32061,32114,32181,32346,32349,32391,32592,32667,32704,32961,32962,32963,32966,33009,33017,33073,33075,33076,33077,33086,33117,33183,33221,33255,33403,33457,33460,33472,33606,33607,33760,33769,33770,33908,33910,34033,34043,34147,34319,34334,34346,34397,34405,34433,34595,34596,34598,34744,34843,34844
465,17346,17476,17652,17650,17857,17858,17969,19174,19175,19176,19362,19363
471,17347,18223,18375,19199,19198,19750,19919,20419,20486,21113,21738,21836,22270,22739,22768,22800,22879,23160,23349,23467,23471,23472,23474,23475,23929,23976,24031,24120,24349,24350,24351,24633,24634,24635,24636,24637,24949,24951,25047,25132,25422,25423,25425,25558,26374,26375,26852,26853,27075,27145,27147,27148,27150,27201,27205,27206,27640,27643,27671,27958,28064,28379,28533,28543,28861,28878,29191,29231,29325,29560,29756,29788,29840,29842,30452,30583,30702,30703,30970,31351,31352,31353,31355,31619,31628,31887,32029,32032,32154,32250,32635,32674,32707,32781,32783,32784,32898,32899,32900,32901,33025,33277,33288,33615,33616,33822,33894,33895,33898,33899,33900,33901,34018,34340,34373,34385,34478,34479
469,17258,17259,17303,17304,17341,18197,18200,18199,18198,18194,19418
468,17605,17606,17677,18538,19759,19760,19761,19788,19790,19800,19801,19802,19803,19819,19820,20012,20052,20465,20488,20489,20650,20651,20652,21069,21070,21071,21486,21487,21587,21588,21589,21783,21784,21854,21855,21856,22381,22382,22383,22384,22385,22386,22408,22780,22781,22782,22783,22945,23082,23083,23344,23476,24334,24335,24336,24337,24338,24340,24341,24342,24601,25074,25075,25076,25077,25078,25151,25152,25153,25980,25981,25982,25983,25984,25985,25986,25987,25988,25990,25991,25992,26009,26048,26049,26050,26051,26141,26142,26143,26144,26501,26722,26723,26724,26725,26726,26727,26728,26729,26730,26731,26732,27266,27379,27380,27381,27382,27383,27384,27385,27386,27388,27750,27751,27752,28029,28030,28031,28323,28521,28522,28523,28524,28525,28526,28527,29136,29310,29311,29312,29313,29314,29315,29316,29317,29405,29406,29407,29408,29409,29410,29411,29412,29413,29414,29415,29416,29417,29418,29419,29420,29421,29422,29760,29761,29762,29967,29968,29969,30344,30348,30349,30350,30351,30533,30634,30637,30691,30695,30954,30955,31252,31253,31254,31255,31256,31257,31258,31259,31260,31298,31575,31576,31577,31578,32734,32735,32736,32737,32738,32739,32740,32741,32742,32743,32744,32745,32746,32747,32748,32749,32750,32751,32752,32753,33296,33297,33298,33299,33300,33301,33302,33394,33395,33396,33397,33398,33399,33416,33512,33516,33517,33937,33940,33941,33942,33943,33944,33945,33946,33947,33948,33949,33950,33951,34091,34641,34642,34643,34644,34646,34647,34648,34649,34650,34651,34652,34653,34654,34655,34656,34657,34658,34659,34660,34661,34662,34663,34664
475,17300,17299,17460,17496,17515,18208,18244,19591,19592,19777,19960,19976,20473,20613,20724,20861,20914,21007,21786,21788,21789,22008,22009,22010,22011,22012,22013,22014,22015,22016,22656,22844,22866,22982,22986,23107,23226,23239,23334,23537,23673,23690,23775,23814,23909,23958,24390,27663,27664,27665,27666,27668,27774,27775,27776,27967,27968,27984,28014,28035,28799,28805,28806,28810,29080,29081,29386,29441,29442,29558,29681,29686,30312,30314,30315,30316,30371,30615,30699,31384,31531,31540
477,17514,17586,17656,17889,18268,18416,18428
478,17200,17196,17202,17199,17197,17198,17812,18650,18651,21385,21386,21387,21388,21389,21390,33683,33742,33743
474,17310,17311,17461,17553,17555
484,17320,17394,17444,18227,18228,18479
487,17283,17666,17655,17919,17951,18266,18364,18688,19115,19214
485,17725,17894,17903,17904,17968,18683,18709,18747,18780,18842,18936,19205,19211,19287,19298,19325,19757,19771,19787,19829,19837,19889,19909,19934,20269,20273,20379,20403,20449,20646,20707,22478,22675,22738,22773,23087,23098,23112,23296,23534,23548,23565,23672,23780,27479,27484,27538,27658,27783,27912,28037,28086,28104,28140,28376,28385,28460,28466,28739,28741,28779,28818,28829,28855,29174,29434,29437,29471,29660,29708,29972,29976,30170,30178,30382,30403,30414,30417,30485,30500,30501,30618,31147,31151,31295,31358,31382,31454,31459,31487,31689,31694,31819,31968,31974,31982,32001,32002,32051,32142,32180,32242,32251,32266,32350,32393,32405,32411,32596,32602,32672,32677,32711,32715,32820,33069,33078,33087,33160,33161,33353,33354,33355,33356,33357,33359,33610,33611,33612,33613,33614,34520,34521,34522
482,17679,18095,18888,19014,19295,19435,19444,19574,19579,19944,20008,20009,20045,20068,20448,20645,20891,20955,20956,20957,20958,21263,21273,21287,21289,21319,21432,21439,21568,21616,21893,22336,22344,22346,22347,22629,22830,22926,23217,23219,23324,23335,23362,23759,23959,23975,24178,24303,24304,24401,24403,24404,24414,24415,24625,24939,28789,29038,29057,29083,29219,29220,29307,29309,29338,29388,29552,29605,29607,29608,29622,29739,29835,29841,30159,30517,30521,30938,30939,30940,30941,30942,30943,30944,31026,31097,31098,31107,31241,31244,31245,31246,31601,31603,31643,31775,31862,31923,31927,31928,31929,32201,32372,32373,32377,32599,32679,32927,32928,32929,32930,33186,33188,33189,33349,33351
481,17217,17216
476,17213,18010,18270,18282,18281,18284,18280,18279,18283,18343,18421,18420,18405,18418,19088,19105,19100,19103,19101,19104,19106,19099,19102,19098,19422,19426,19427,19704,19705,19791,19958,20127,20148,20149,20150,20151,20306,20429,20546,20892,20895,20915,22214,22247,22249,22250,22374,22380,22390,22391,22392,22393,22432,22727,22732,22856,22874,23078,23986,24146,24322,24515,24697,24702,24703,24704,24706,24707,24708,24709,24959,24960,24961,24962,24963,24964,24966,24967,24968,24976,24989,25057,25065,25066,25069,25122,25125,25126,25450,25451,25452,25453,25454,25455,25456,25457,25458,25459,25460,25461,25641,25928,26076,26077,27007,27008,27009,27010,27011,27014,27058,27270,27623,27626,27627,28420,28421,28422,28423,28424,28508,28512,28554,28555,28819,28820,28821,28822,28823,29155,29156,29157,29158,29159,29279,30320,30324,30325,30326,30473,30489,30491,30492,30493,30494,30496,30497,30498,30518,30531,30569,30572,30573,30803,30804,30946,30947,30948,30949,31100,31101,31102,31103,31104,31105,31106,31115,31127,31128,31281,31283,31291,31364,31365,31593,31595,31596,32782,32785,32786,32787,32788,32789,32818,32849,32860,32875,33214,33217,33218,33240,33260
486,17412,18088,18166,18169,18329,18491,18493,18492,18771,18769,19137,20673,20674,20676,20677,21558,22023,22452,22760,22762,22764,22765,22799,22809,23417,23456,23640,24061,24238,24393,24489,26233,26467,26480,26485,26713,27209,27525,27674,27675,27964,28444,28507,28510,29123,30358,30561,30715,30716,30720,30722,30723,30727,30930,31322,31326,31700,31889,32195,32421,34095,34097,34098,34099,34100,34101,34104,34105,34107,34109,34110,34114,34115,34116,34119,34125,34126,34712,34715,34716,34722,34729,34731,34733
488,17327,17419,17450,17546,17507,17647,17817,18091,18852,19374,19387,19450,19804,19978,19993,20092,20233,20237,20285,20508,20552,21122,21150,21362,21579,21661,21664,21685,21997,22372,22375,22405,22413,22426,22775,22852,22868,22989,23104,23650,23685,23694,23698,23742,24189,24190,24267,24279,24382,24395,24479,24491,24518,24720,25034,25466,26546,26508,26717,26751,26808,26856,26986,27012,27099,27132,27220,27236,27248,27259,27269,27273,27681,27716,27924,27944,27956,27993,28001,28021,28100,28106,30679
479,18051,18041,18050,19312,19303,19311,19852,20826,20829,20831,22253,22676,22853,23121,24075,26933,26937,27177,27344,27495,27932,28054,28733,29059,29061,29148,29177,29448,29701,29702,29703,29782,30357,30434,30515,30964,31165,33646
490,17263,19540,19546,19547,19548,19550,19552,19553,19555,19556,19557,19558,19559,22164,22165,22166,22167,22168,22169,22170,22171,26689,26744
491,21936,21937,21939,21940,21941,21942,21943,21944,21945,21946,21947,21949,21951,21952,21953,21954,21956,21957,21958,21959,21960,21962,21963,21965,21966,21967,21968,23088,23089,23090,23091,23092,23093,23096,24315,24316,24841,24842,24843,24844,24845,24846,24847,24848,24849,24850,24852,24942,26147,26148,26149,26151,26152,26153,26371,34495,34496,34497,34498,34499,34501,34503,34504,34505,34506,34507
493,17570,17592,17593,17591,17953,18159,18533,18539,18558,19213,19215,19576,19594,19770,19773,19814,19874,20219,20220,20280,20281,20618,20706,20840,20853,20901,21180,21185,21186,21187,21188,21189,21190,21449,21457,21766,21768,21798,21800,21801,22201,22343,22472,22481,22482,22731,22733,22734,22752,22767,22846,23099,23238,23245,23331,23332
495,17296,17297,17530,17743,18119,18122,18439,18540,18762,18777,18819,18846,18887,18914,18937,19338,19301,19402,19454,19470,19493,19588,19598,19847,20073,20084,20276,20352,20406,20446,20485,20554,20604,20679,20743,20842,20851,20871,20970,21019,21057,21093,21134,21250,21284,21469,21755,21757,21853,21988,22020,22319,22454,22761,22770,22802,22811,22937,22981,23040,23059,23064,23080,23081,23101,23207,23403,23457,23610,23611,23649,23682,23712,23786,23915,23952,24100,24125,24136,24619,24620,24653,24773,24796,25028,25092,25176,25282,25615,25635,25804,25817,25829,25894,25929,25942,25946,26056,26258,26277,26667,26749,26877,26958,26961,26975,27004,27013,27017,27056,27065,27104,27198,27317,27364,27483,27497,27531,27577,27642,27700,27916,27969,27989,28101,28330,28372,28398,28455,28467,28561,28579,28653,28692,28693,28728,28747,28786,29132,29204,29210,29343,29366,29480,29624,29675,29749,29773,29779,29801,29825,29904,29925,29978,29979,30175,30248,30296,30370,30383,30457,30469,30530,30630,30632,30651,30659,30669,30673,30813,30950,31183,31318,31328,31342,31560,31681,31731,31742,31786,31789,31817,31818,31820,31924,31962,31992,32013,32067,32107,32113,32152,32167,32190,32214,32306,32409,32649,32656,32686,32831,32832,32833,32846,32850,32851,33022,33027,33028,33198,33224,33306,33317,33338,33346,33352,33377,34149,34263,34297,34331,34358,34363,34410,34436,34583,34588,34624,34625,34627,34828
497,17340,17525,17524,17986,17984,18357,18609,19012,19013,19142,19143,19140,19160,19566,19822,20129,20372,20460,20555,20655,21136,21138,21158,21274,21573,21575,21577,21637,21638,21640,22050,22498,22684,22753,22848,22999,23001,23013,23347,23600,23689,23972,24325,24542,24543,24795,24800,24801,24803,24805,24808,25123,25141,25482,26547,26548,26550,26552,26554,26555,26557,26632,26817,26849,27046,27194,28407,28587,28711,28713,28714,28716,29149,29150,29151,29247,29426,29427,29428,29429,29431,30233,30593,30597,30598,30600,30602,30604,30815,31184,31185,31187,31189,31191,31193,31195,31196,31198,31199,31515,31620,32292,32293,32295,32300,32301,32412,32429,32791,32873,32943,32944,33379,33381,34235,34236,34238,34299,34511,34512,34513,34514,34618,34620,34622,34705,34837
498,17578,17577,17575,17949,18107,19245,19505,19514,20279,20283,20284,20369,20445,20464,20598,20599,20600,20601,20870,20879,20880,20881,20882,21074,21109,21538,21561,21562,21684,21742,21914,21915,21916,21917,21918,22223,22225,22280,22683,22694,22769,22890,23100,23303,23367,23373,23704,23956,23965,23966,25655,25656,25658,26847
496,17345,17424,17613,17615,17617,17616,17612,17745,17751,17898,17897,17899,17916,17955,18109,18316,18315,18319,18317,18305,18318,18757,18742,18753,18768,18760,18754,18756,18755,18752,18758,18759,18766,18816,18855,19054,19055,19053,19095,19224,20628,20629,20872,20883,21120,21133,21839,21840,21841,21842,21843,21971,21972,22927,22931,22933,22934,22935,22936,22938,23113,25475,26693,26695,26696,26702,26703,26704,26705,26706,26707,26709
499,17399
500,17423,17736,17724,17803,17807,18059,18058,18128,18254,18374,19289
502,17379,17378,17383,17390,17463,17468,17469,17909,17907,17908,17910,17911,18293,18296,18291,18294,18507,18506,18750,18749,18751,19326,19810,20211,20472,20524,20526,20664,21082,21091,21092,25500,26007,26014,26017,26019,26020,26021,26023,26027,26786,26787,26791,26792,26794,26845,27652,29845,30555,30758,31803,32337,32338,33969,33970,33984,34489,34490,34492
506,17422,17420,17421,17418,17687,17747,19129,19131,19126,19128,19130,19343,19345,19348,19346,19350,19340,19341,19349,19347,19344,19495,19496,19497,19609,20140,20142,20145,20146,20147,20169,20181,20221,20622,20623,20624,28718,28719,28720,28721,28722,28723,28724,28725
505,17411,17633,17834,17836,17835,18263,18287,18606,18701,18698,18699,18700,19035,19037,19196,19388,19456,19491,19599,19914,19915,19916,19917,20249,20250,20251,20252,20253,20254,20255,20699,20701,20702,20731,21124,21125,21126,21128,21697,21699,21701,21702,21973,22019,22326,22331,22333,22645,22646,22919,22920,23736,23831,23834,27398,27399,27401,27402,27403,27404,27405,27406,27407,27408,27409,27410,27411,27412,27413,27414,27415,27416,27417,27418,27419,27420,27421,27422,27423,27424,27425,27426,27428,27429,27430,27431,27432,27433,27434,27436,27438,27439,27440,27441,27442,27443,27444,27445,27447,27970,27972,27974,28957,28958,28959,28960,28961,28962,28963,28964,28965,28966,28967,28968,28969,29868,29869,29870,29871,29872,29873,29874,29875,29876,29878,29880,29881,29882,29883,29884,29885,29887,29888,29890,29891,29892,29893,30174,30176,33911,33912,33913,33914,33915,33917,33918,33919,33920,33922,33923,33925,33926,33927,33928,33930,34016,34144
504,17457,17512,17741,17781,17871,18028,18127,18262,18302,18454,18470,18537,19011,19135,19134,19714,19753,20387,22155,22156,22157,24001,24006,24016,24091,24171,24295,30502,30503,30505,30506,30508
509,17618,17831,17832,17833,18224,18999,19002,19003,19373,19410,19451,19948,19950,19952,21374,22814,22834,22835,22842,23024,23026,23030
492,17473,17474,17552,17560,17732,18032,18030,18303,18462,18988,18987,20370,20602,20680,20923,21047,21048,21050,21506,22869,22901,23132,23787,23790,23791,23792,24173,24174,24314,24478,24991,24993,24994,24995,25308,25357,25685,25686,26042,28071,28072,28342,28344,28591,28651,28977,28978,28979,28980,28982,28999,29398,29662,29666,29667,29669,29671,29672,29673,29674,29697,29698,30004,30011,30194,30295,32023,32176,32177,32221,32223,32224,32226,32227,32230,32237,32238,32240,33204,33205,33206,33208,33212,33213,33280,33281,33428,33432,33433,33434,33446,33447,33833,33834,34078,34145,34152,34191,34224,34225,34336,34343,34396,34398,34835
510,17727,17952,18110,18389,18390,18499,18715,18714,18716,18712,18717,19056,19411,20859,21365,21366,21367,21368,21369,21370,21371,21372,21373,21769,21770,21771,21772,24482,24483,24484,24485,24486,24559,24587,24589,24593,24594,28451,28452,28742,28743,28749,29030,29046,29092,29137,29569,29781
511,19059,19058,19060,19119
514,17609,17610,17611,18381,18378,18379,18376,18382,18380,19017,19015,19082,19085,19086,19084
516,17632,17806,17796,17805,17923,18087,18732,18728,18730,18727,18724,18729,18733,18847,18849,18895,18939,18954,18956,18955,19071
517,17643,17847,17855,17851,17852,17849,17853,17850,17848,17854,17846,18626,18638,18637,18635,18630,18639,18631,18633,18629,21197,21199,21201,21204,21206,21207,21208,21210,21211,21212,21213,21214,21216,21217,21218,21220,21222,21223,21224,21226,21440,21443,21470,21471,22161,27815,27816,27818,27819,27820,27821,27822,27824,27825,27826,27827,27828,27829,27830,27831,27833,27834,27835,27836,27838,27840,27842,27843,27845,27847,27848,27849,27850,27851,27852,27853,27854,27855,27856,27857,27858,27859,27860,27862,27863,27864,27865,27867,27869,27871,27873,27874,27875,27877,27878,27879,27881,27882,27883,27884,27886,27887,27889,27891,27893,27895,29006,29007,29009,29010,29011,29012,29013,29014,29015,29017,29913,29914,29915,29940,29941,29944,29947,29949,29951,29952,29953,29954,29956,29957,29958,29959,29960,29961,29963,29965,30780,30781,30782,30783,30784,30785,30786,30788,30789,30790,31300,31302,31303,31305,31306,31307,31309,31310,31311,31313,31314,31316,31769,31771,31772,31773,31776,31777,31778,31779,31780,31781,32160,32161,32164,33119,33120,33121,33122,33123,33124,33144,33145,33147,33148,33149,33150,33151,33153,33154,33155,33157,33427,33429,33431,34444,34446,34447,34448,34449,34451,34452,34453,34454,34455,34457,34458,34459,34460,34461,34462,34463,34465,34466
515,17965,17966,17960,17962,17963,18098,18120,18404,18415,19253,19251,19449,19457,19476,20222,20223,20224,20225,20287,20293,20295,20475,20476,20479,20759,20763,20764,20766,20918,20921,21077,21079,21174,21296,21354,21375,21735,21736,22231,22232,22286,22308,22337,22655,22663,22664,22940,23027,23028,23102,23146,23205,23241,23265,23356,23581,23584,23585,23654,23726,23727,23809,23810,23924,23925,24328,24329,24330,24331,24332,24333,24658,24660,24722,24723,24725,24727,24728,24730,24940,24986,25180,25181,25849,26196,26297,26299,26300,26324,26439,26443,26444,26750,26910,26911,26993,27032,27033,27133,27134,27157,27159,27469,27470,27471,27477,27482,27504,27532,27631,27999,28002,28003,28004,28369,28425,28457,28729,28761,28815,29229,29232,29233,29234,30027,30036,30037,30038,30039,30041,30044,30046,30202,30313,30363,30490,30499,30674,30763,30809,30874,31269,31275,31276,31293,31592,31821,31825,31826,31827,31828,32085,32165,32210,32388,32389,32390,33173,33175,33177,33178,33219
519,17901,18103,18482,19187,19188,19184,19440,19600,19601,19604,19882,19884,19985,20098,20359,20971,20988,22205,22207,22412,22651,22653,22817,22819,22820,22821,22954,23139,23275,23363,23660,23663
520,17773,17771,17770,18299,18734,18736,19663,19680,19682,20155,20567,20569,20570,21433,21435,21436,21437,22427,22428,22429,22983,22985,23346,23580,23756,23946,24155,24878,25486,27186,27187,27189,27191,27202,27203,27718,27722,27997,28392,28927,28929,29460,29467,29776,29777,30305,30307,30319,30455,33520,33521,33522,33523,33524,33525,34080,34134,34137,34138,34139,34140,34141
524,17810,17881,18604,18645,18646,18647,18648,18689,18686,18993,18995,19033,19091,19113,19132,19193,19608,19635,20105,20232,20499,20572,20661,20669,20916,21456,21565,21592,21600,21715,21852,22320,22355,23109,23214,23221,23365,23969,24015,24021,24058,24442,24504,24522,24564,24628,24693,24799,24891,24930,24955,24971,25111,25226,25278,25290,25624,25681,25695,26036,26044,26067,26101,26160,26189,26220,26262,26275,26313,26453,26483,26487,26500,26545,26710,26763,26932,26943,27141,27228,27464,27541,27695,27701,27755,28033,28107,28341,28364,28367,28406,28427,28506,28516,28647,28703,28881,28933,29008,29037,29047,29160,29379,30155,30158,30846,30851,30873,31068,31083,31090,31701,31706,32273,32651,32972,33024,33041,33044,33045,33048,33068,33079,33081,33130,33131,33505,33507,33638,33658,33659,33660,33661,33662,33663,33664,33668,33789,33803,33814
522,18788,18872,18873,19825,19904,19931,20016,20043,20451,20704,22279,22283,22328,22406,23647,24002,24032,24036,24037,24038,24039,24040,24041,24143,24150,24151,24152,24153,24177,25554,25628,25642,27487,27670,27672,27673,28530,28545,28553,28563,28564,28566,28568,28569,28570,28695
526,17869,17868,17865,17866,17867,17870,18430,19665,19668,19669,19671,19672,19674,19675,19676,19677,19678,19679,19683,19686,19689,19690,19691,19696,20172,20188,20189,20190,20191,20192,20203,20241,20765,21586,23152,23153,23154,23155,23156,23157,23158,23159,24236,24243,24244,24245,24246,24248,24249,24250,24251,24252,24253,24254,24255,24256,24257,24258,24259,24260,24261,24262,24263,24264,24265,24548,24549,24550,24734,24735,24736,24737,25108,25109,25110,25113,25402,25403,25404,25405,25406,25407,25408,25409,25765,25767,25768,25769,26053,26058,26059,27108,27109,27110,27111,27113,27114,27115,27116,27117,27118,27119,27127,27128,27390,27391,27392,27782,27784,27785,27786,28634,28637,28638,28639,28640,28641,28642,28643,28644,28645,29989,29990,29991,29992,29993,29994,29995,29996,29997,29998,29999,30000,30001,30002,30003,30664,31418,31420,31421,31422,31423,31424,31425,31426,31715,31718,31719,31720,31721,31722,31723,31725,31726,31727,31728,31729,31735,33367,33368,33369,33370,33371,33372,33373,33374,34181,34183,34185,34186,34187,34188,34189,34190,34192,34193,34194,34195,34197,34198,34199,34200,34201,34202,34203,34205,34207,34208,34209,34210
529,18386,18620,18621,18617,28635,29203
528,18163,18162,18161,18158,18366,18362,18522,18586,18623,18823,18818,18857,18858,18859,18860,18964,18965,18959,18971,18982,19073,19076,19089,19207,19209,19234,19265,19465,19481,19796,19806,19921,19991,20061,20071,20088,20274,20296,20551,20588,20716,21078,21446,21465,21708,21728,21992,22204,22456,22460,22959,22992,23110,23374,23415,23771,23899,24149,24158,24201,24235,24344,24384,24714,24721,24863,25041,25088,25161,25275,25416,25444,25504,25505,25545,25582,25637,25856,25993,26006,26034,26190,26204,26231,26416,26645,26648,26661,26690,26736,26748,26758,26766,26782,26797,26799,26959,26980,26983,27079,27101,27168,27178,27233,27240,27336,27337,27346,27473,27699,27717,27753,27777,27905,27914,27971,27987,28046,28057,28065,28158,28329,28346,28368,28373,28552,28567,28577,28581,28756,28936,28950,28951,28952,28955,29027,29029,29031,29032,29035,29036,29039,29172,29259,29444,29548,29578,29683,29709,29926,30171,30172,30332,30413,30519,30575,30577,30620,30670,30767,30773,30799,30857,31150,31152,31344,31350,31489,31508,31520,31568,31569,31591,31616,31835,31860,31882,32045,32183,32288,32386,32604,32673,32793,32817,32821,32960,33013,33057,33065,33067,33256,33318,33325,33602,33605,33625,33667,33801,33806,33811,33823,33831,33878,33882,33936,33954,34146,34156,34280,34352,34392,34394,34419,34468,34527,34538,34585,34589,34590,34616,34687,34688,34689,34690,34763
530,18832,18835,18836,18831,18837,18834,18830,18848,18909,19139,19180,19371,19469,19597,20106,20694,20734,20737,20738,20739,20740,20741,20834,20876,20902,20907,20972,21015,21095,21536,22776,22777,22778,22816,22947,22988,23041,23074,23620,23687,23716,23718,23719,23720,23752,23754,23794,23926,23957,24022,24023,24239,24978,25089,25965,25968,25969,25970,25971,25973,25974,25975,25976,25977,25978,25979,26052,26193,26223,26629,26963,26964,26965,26966,26967,26968,26969,26971,26997,27027,27326,27369,27490,27491,27492,27506,27537,27911,27966,27991,28377,28378,28405,28454,28480,28562,28580,28731,28745,28751,28787,29637,29684,29711,29774,29843,29987,30181,30189,30191,30443,30453,30460,30537,31685,31687,31688,31732,31832,31833,31854,32015,32016,32017,32018,32146,32148,32149,32150,32151,32215,32216,32330,33309,33312,33313,33314,33358,33518,33519,33745,33746,33747,33748,33933,33934,34151,34278,34281,34282,34283,34284,34298,34335,34418,34493,34494,34548,34558,34675,34677,34678
531,18068,18067,18066,18441,18994,19008,19007,19366,19666,19812,20216,20339,20587,20752,20776,21029,21040,21056,21152,21517,21792,21910,22439,22461,22751,22997,23163,23224,23369,23375,24705,24819,24890,24901,25095,25167,25304,25497,25643,25667,26032,26490,26571,26588,26823,26857,26946,27086,27174,27271,27291,27331,27508,27680,27732,27918,28389,28446,28592,28628,28860,28870,29116,29348,29353,29463,29726,29923,29966,30217,30340,30359,30458,30484,30627,30646,30965,30966,30975,32020,32026,32035,32157
532,18180,18176,18179,18178,18174,18175,18173,18181,18177,18311,18438,18485,18488,19617,19692,19755,19756,19758,19824,19826,19846,19880,19897
518,18184,18185,18478,18477,18475,19004,19638,19652,19653,20547,20548,20549,20662,20663,20837,20838,20839,23325,23326,23327,23328,23329,23330,23693,23867,23868,23869,23870,23871,23872,23873,24221,24222,24223,24224,24997,25016,27062,27066,27068,27069,27092,27351,27352,27962,29267,29274,29275,29491,29623,29704,29705,31166,31442,31443
533,21168
535,18371,18394,18372
536,18408,18410,19398,19395,19459,19478,19498,19562,19664,20438,20512,20945,21358,21359,21377,22295,22297,22630,22826,23140,23161,23203,23320,23747,24017,24074,24085,26448,26539,26660,26881,26960,26981,27074,27103,27214,27505,27512,27679,27795,29125,29769,30264,30293,32116,32117,32122,32606,32687,34164,34166,34167,34170,34635
537,18578,18579,18596,18615,18614,19228,19300,19447,19518,19572,19698,19762,20003,20025,20226,20397,20398,20436,20455,21425,21426,21427,21428,21429,21833,21834,21835,22492,22493,22495,22496,22497,22665,22832,22833,22998,23058,23278,23286,23304,23539,23798,23897,23902,23903,23904,23905,24105,24107,24108,24109,24182,24183,24644,24646,24749,26175,26996,27105,27180,27543,27545,27547,27548,27549,27550,27551,27552,27553,27554,27559,27560,27562,27563,27564,27565,27566,27569,27570,27571,27579,28025,28463,28492,28493,28494,28497,28560,28753,28763,29069,29071,29226,29478,29479,29553,29602,29695,29724,29832,29834,30385,31058,31063,31153,31171,31173,31178,31179,31292,31386,31669,31673,31842,31949,32775,32778,32780,32802,32892,32893,32951,33020,33216,33327,33331,33332,33333,33334,33389,33390,33393,33755,33792,33794,33795,33798,33799,33800,33987,33988,34437,34613
540,18746,18745,19204,19203,19467,19468,19475,19693,19739,19745,20083,20097,20173,20492,20843,20844,20845,21151,21153,21154,21155,21192,21240,24445,24446,24447,24448,24449,24450,24451,24452,24453,24454,24455,24456,24457,24459,24460,24461,24462,24463,24464,24465,24466,24467,24468,24469,24471,24472,24474,24475,24476,24659,24713,24754,24764,25086,25096,25148,25149,25150,25160,25184,25280,26012,26084,26116,26201,26575,26576,26577,26578,26579,26580,26613,26798,27252,27253,27255,28005,28006,28007,28008,28009,28011,28013,28023,28028,29099,29102,29103,29104,29106,29107,29108,29321,29495,29498,29499,29501,29502,30526,30910,30915,30989,30991,30992,30993,30994,30995,30997,30998,30999,31001,31002,31003,31004,31005,31006,31007,31008,31009,31010,31011,31905,31908,31909,31913,31914,31915,31916,31917,31918,31919,34344,34370,34393,34707,34776,34777,34778,34779,34780,34781,34782,34783,34784,34785,34786,34787,34788,34789,34790,34791,34792,34793,34794,34795,34796,34797,34798,34799,34800,34801,34802,34803,34804,34809,34810,34811,34812,34813,34814,34815
541,18943
542,19125,19123,19124,19120,19122,19283,19284,19276,19367,19510,19513,19570,19894,19899,19900,19901,19926,19935,19936,19937,19938,19939,20094,20420,20434,20439,20440,20441,20442,21249,21251,21252,21253,21254,21255,21256,21257,21258,21259,21260,21712,21717,21718,21719,21720,22855,22859,22860,22861,22862,22863,22864,22865,22889,22958,22979,23029,23213,23215,23733,23739,23740,23741,23960,23961,23962,23963,23964,23968,24003,24148,24992,25305,25312,25313,25314,25315,25316,25317,25318,25319,25321,25322,25323,25324,25325,25326,25327,26398,26399,26400,26401,26402,26572,27085,27225,27581,27587,27588,27589,27590,27591,27592,27593,27594,27595,27597,27598,27600,27601,27602,27603,27604,27605,27606,27607
544,19786,20963,22994
545,20309,20310,20311,20312,20314,20315,20316,20317,20318,20319,20320,20321,20322,20323,20324,20325,20326,20423,20633,20733,20775,20909,20912,20950,21052,21096,21239,21276,21518,21599,21665,21682,21721,21732,21739,21749,21759,21762,21791,21932,21934,21985,21994,22102,22137,22146,22212,22226,22483,22671,22718,22929,22991,23022,23062,23122,23318,23412,23436,23557,23761,23768,24019,24060,24202,24220,24375,24378,24400,24444,24509,24596,24599,24632,25855,25861,25915,25935,25945,26013,26062,26100,26286,26320,26337,26367,26379,26465,26472,26498,26561,26637,30377,30379,30380,30381,30734,30735,30736,30737,30738,30739,30740,30741,30923,30924,30925,30926,30927,30928,30929,31040,31041,31042,31043,31044,31356,31360,31361,31362,31363,31366,31736,31737,31739,31740,31785,32052,32054,32055,32056,32058,32059,32060,32688,32689,32690,32691,32692,32693,32694,32695,32696,32697,32698,33285,33628,33629,33630,33631,33632,33633,33634,33635,33636,33637,33639,33640,33641,33642,33643,33762,33826,33828,33829,33830,34160,34161,34242,34243,34438,34439,34440,34441,34442,34683,34684,34685
550,22509,22510,22512,22513,22514,22516,22517,22518,22519,22520,22521,22522,22523,22524,22525,22526,22527,22528,22529,22530,22531,22532,22533,22534,22535,22536,22537,22538,22539,22540,22541,22542,22543,22544,22545,22546,22547,22548,22549,22550,22551,22552,22553,22554,22555,22556,22557,22558,22559,22560,22561,22562,22563,22564,22565,22566,22567,22568,22569,22570,22571,22572,22573,22574,22575,22576,22577,22578,22579,22580,22581,22582,22583,22584,22585,22586,22587,22588,22589,22590,22591,22592,22593,22594,22595,22596,22597,22598,22599,22600,22601,22602,22603,22604,22605,22606,22607,22608,22609,22610,22611,22612,22613,22614,22615,22617,22618,22619,22620,22621,22649,22669,23070,23073,24226,24227,24228,24229,24230,24231,28883,28884,28886,28887,28888,28889,28890,28891,28892,28893,28894,28895,28896,28897,28898,28899,28900,28901,28902,28905,28906,28907,28908,28909,28910
553,25168,28606,28608,28609,28614,28616,31996
538,25518,25521,25522,25524,25525,25526,25529,25532,25533,25543,25544,25557,25593,25603,28161,28167,28168,28171,28172,28176,28178,28179,28195,28196,28197,28204,28208,28212,28218,28222,28223,28229,28240,28241,28242,28248,28277,28282,28283,28288,28289,28290,28295,28297,28299,28318,32464,32473,32474,32475,32477,32479,32481,32482,32507,32523,32524,32546,32563,32971,32973,32974,32976,32981,32982,34007,34206
556,29693,29694,29839,30099,30100,31646,31920,31930,31931,31999,32030,32096,32277,32283,32285,32287,33335,33336,33384,34154,34212,34219,34220,34221
